	0.550000	0.450000	0.000000	0.000000	0.000000	0.000000
0.676459	0.617809	0.382191	0.000000	0.000000	0.000000	0.000000
0.602970	0.604369	0.395631	0.000000	0.000000	0.000000	0.000000
0.792079	0.578357	0.421643	0.000000	0.000000	0.000000	0.000000
0.648244	0.442881	0.557119	0.000000	0.000000	0.000000	0.000000
0.653301	0.392560	0.607440	0.000000	0.000000	0.000000	0.000000
0.629526	0.325267	0.674733	0.000000	0.000000	0.000000	0.000000
0.612970	0.254041	0.745959	0.000000	0.000000	0.000000	0.000000
0.573003	0.138335	0.861665	0.000000	0.000000	0.000000	0.000000
0.697673	0.100200	0.899800	0.000000	0.000000	0.000000	0.000000
0.620778	0.072230	0.927770	0.000000	0.000000	0.000000	0.000000
0.783802	0.052366	0.947634	0.000000	0.000000	0.000000	0.000000
0.682313	0.004376	0.108250	0.515679	0.345348	0.013609	0.012737
0.250653	0.008584	0.094808	0.526846	0.358832	0.006262	0.004668
0.299140	0.004760	0.020301	0.580230	0.381334	0.007089	0.006286
0.264384	0.015877	0.026013	0.536858	0.407194	0.008171	0.005887
0.263346	0.545218	0.454782	0.000000	0.000000	0.000000	0.000000
0.688909	0.539134	0.460866	0.000000	0.000000	0.000000	0.000000
0.650310	0.543920	0.456080	0.000000	0.000000	0.000000	0.000000
0.632382	0.526978	0.473022	0.000000	0.000000	0.000000	0.000000
0.642221	0.199778	0.800222	0.000000	0.000000	0.000000	0.000000
0.676139	0.080914	0.919086	0.000000	0.000000	0.000000	0.000000
0.757824	0.046184	0.953816	0.000000	0.000000	0.000000	0.000000
0.765392	0.025988	0.974012	0.000000	0.000000	0.000000	0.000000
0.710017	0.014540	0.985460	0.000000	0.000000	0.000000	0.000000
0.674394	0.008149	0.991851	0.000000	0.000000	0.000000	0.000000
0.717123	0.004614	0.995386	0.000000	0.000000	0.000000	0.000000
0.627841	0.002679	0.997321	0.000000	0.000000	0.000000	0.000000
0.561665	0.000371	0.224843	0.449401	0.312307	0.000605	0.012473
0.273157	0.000161	0.004074	0.601891	0.385166	0.000481	0.008228
0.234383	0.098375	0.080163	0.483296	0.333322	0.000440	0.004405
0.324288	0.048060	0.029168	0.501981	0.414683	0.000665	0.005442
0.250943	0.549979	0.450021	0.000000	0.000000	0.000000	0.000000
0.830456	0.539000	0.461000	0.000000	0.000000	0.000000	0.000000
0.615974	0.541143	0.458857	0.000000	0.000000	0.000000	0.000000
0.776319	0.467856	0.532144	0.000000	0.000000	0.000000	0.000000
0.724896	0.001233	0.009566	0.574760	0.331364	0.068241	0.014835
0.271904	0.000436	0.000801	0.602999	0.363385	0.026598	0.005782
0.264023	0.000049	0.000045	0.603261	0.359338	0.030645	0.006662
0.192311	0.007766	0.006343	0.578931	0.363723	0.035516	0.007721
0.261589	0.549988	0.450012	0.000000	0.000000	0.000000	0.000000
0.693784	0.539072	0.460928	0.000000	0.000000	0.000000	0.000000
0.639608	0.542796	0.457204	0.000000	0.000000	0.000000	0.000000
0.755792	0.468567	0.531433	0.000000	0.000000	0.000000	0.000000
0.683768	0.120455	0.879545	0.000000	0.000000	0.000000	0.000000
0.756123	0.069966	0.930034	0.000000	0.000000	0.000000	0.000000
0.573568	0.039738	0.960262	0.000000	0.000000	0.000000	0.000000
0.668257	0.022305	0.977695	0.000000	0.000000	0.000000	0.000000
0.731509	0.012464	0.987536	0.000000	0.000000	0.000000	0.000000
0.583458	0.006987	0.993013	0.000000	0.000000	0.000000	0.000000
0.623625	0.003967	0.996033	0.000000	0.000000	0.000000	0.000000
0.685897	0.002319	0.997681	0.000000	0.000000	0.000000	0.000000
0.715516	0.001282	0.884007	0.066536	0.046260	0.000068	0.001847
0.330360	0.000001	0.000598	0.579366	0.403813	0.000111	0.016111
0.190882	0.001345	0.001101	0.583477	0.407483	0.000080	0.006514
0.251015	0.004574	0.003748	0.571033	0.413224	0.000091	0.007329
0.243720	0.007178	0.005896	0.543474	0.434665	0.000110	0.008677
0.220685	0.109412	0.089641	0.067718	0.718688	0.000183	0.014357
0.223540	0.453759	0.388256	0.007836	0.147140	0.000063	0.002946
0.304377	0.357639	0.337816	0.052823	0.239472	0.005380	0.006869
0.158746	0.392909	0.461125	0.024074	0.115694	0.002883	0.003315
0.191874	0.000205	0.763247	0.123821	0.093891	0.014726	0.004110
0.202587	0.001494	0.986811	0.005419	0.005836	0.000334	0.000106
0.229597	0.000369	0.998284	0.000677	0.000595	0.000057	0.000018
0.203011	0.002172	0.997828	0.000000	0.000000	0.000000	0.000000
0.600148	0.078785	0.921215	0.000000	0.000000	0.000000	0.000000
0.666770	0.518639	0.481361	0.000000	0.000000	0.000000	0.000000
0.602049	0.983754	0.016247	0.000000	0.000000	0.000000	0.000000
0.703858	0.000000	0.007576	0.915832	0.061706	0.011903	0.002984
0.206124	0.001915	0.028035	0.936953	0.026704	0.005105	0.001289
0.240477	0.002355	0.001830	0.934774	0.052663	0.006012	0.002365Q
0.212863	0.062734	0.051426	0.841550	0.035658	0.006906	0.001727
0.256270	0.549930	0.450070	0.000000	0.000000	0.000000	0.000000
0.634294	0.551320	0.448680	0.000000	0.000000	0.000000	0.000000
0.649194	0.539847	0.460153	0.000000	0.000000	0.000000	0.000000
0.686201	0.463104	0.536896	0.000000	0.000000	0.000000	0.000000
0.677122	0.000000	0.002523	0.579552	0.334154	0.068812	0.014959
0.213040	0.000482	0.000631	0.614164	0.351248	0.027497	0.005978
0.232739	0.002399	0.002036	0.597795	0.359866	0.031136	0.006769
0.232145	0.129539	0.106214	0.440895	0.288655	0.028501	0.006196
0.292497	0.550335	0.449665	0.000000	0.000000	0.000000	0.000000
0.597491	0.535952	0.464048	0.000000	0.000000	0.000000	0.000000
0.528576	0.511733	0.488268	0.000000	0.000000	0.000000	0.000000
0.654857	0.463808	0.536192	0.000000	0.000000	0.000000	0.000000
0.604269	0.000000	1.000000	0.000000	0.000000	0.000000	0.000000
0.734680	0.000000	1.000000	0.000000	0.000000	0.000000	0.000000
0.637042	0.000000	1.000000	0.000000	0.000000	0.000000	0.000000
0.673977	0.000000	1.000000	0.000000	0.000000	0.000000	0.000000
0.703943	0.000000	1.000000	0.000000	0.000000	0.000000	0.000000
0.644525	0.000000	1.000000	0.000000	0.000000	0.000000	0.000000
0.766511	0.000000	1.000000	0.000000	0.000000	0.000000	0.000000
0.637025	0.000000	1.000000	0.000000	0.000000	0.000000	0.000000
0.698812	0.000000	0.999594	0.000236	0.000164	0.000000	0.000007
0.417819	0.000001	0.421604	0.335481	0.233595	0.000000	0.009319
0.322495	0.028126	0.698633	0.157800	0.112157	0.000000	0.003284
0.345310	0.007636	0.179048	0.477526	0.326730	0.000023	0.009037
0.258200	0.024224	0.076295	0.537269	0.357195	0.000050	0.004968
0.254881	0.390464	0.381706	0.124717	0.101821	0.000061	0.001232
0.309095	0.079999	0.105154	0.448793	0.325903	0.029739	0.010411
0.207366	0.232237	0.129025	0.342751	0.280308	0.012661	0.003018
0.212344	0.568538	0.344967	0.043957	0.039805	0.002245	0.000488
0.260410	0.003592	0.861328	0.078277	0.045619	0.009187	0.001997
0.251431	0.001169	0.984721	0.009375	0.003817	0.000754	0.000164
0.185300	0.000996	0.998980	0.000016	0.000007	0.000001	0.000000
0.369630	0.001088	0.998912	0.000000	0.000000	0.000000	0.000000
0.573175	0.001389	0.998611	0.000000	0.000000	0.000000	0.000000
0.568739	0.005279	0.994721	0.000000	0.000000	0.000000	0.000000
0.613556	0.000000	1.000000	0.000000	0.000000	0.000000	0.000000
0.642656	0.000000	0.999506	0.000287	0.000200	0.000000	0.000008
0.331845	0.000005	0.894348	0.061292	0.042653	0.000000	0.001702
0.213148	0.043452	0.035485	0.536817	0.369504	0.000000	0.014741
0.314179	0.093567	0.078290	0.475561	0.347004	0.000036	0.005541
0.225129	0.534917	0.465081	0.000001	0.000001	0.000000	0.000000
0.583145	0.512367	0.487633	0.000000	0.000000	0.000000	0.000000
0.622871	0.485384	0.514616	0.000000	0.000000	0.000000	0.000000
0.716884	0.455957	0.544043	0.000000	0.000000	0.000000	0.000000
0.670956	0.000000	0.999133	0.000504	0.000291	0.000060	0.000013
0.410787	0.000003	0.818429	0.111497	0.068118	0.001605	0.000349
0.161927	0.000838	0.821781	0.120217	0.052574	0.003770	0.000820
0.219282	0.001886	0.956836	0.026499	0.012907	0.001537	0.000334
0.245281	0.001021	0.982381	0.008288	0.007447	0.000704	0.000159
0.228376	0.002333	0.967540	0.013420	0.015584	0.000793	0.000330
0.193606	0.000971	0.997846	0.000608	0.000540	0.000019	0.000016
0.290110	0.000002	0.989992	0.005799	0.004037	0.000014	0.000157
0.244123	0.000025	0.963754	0.021007	0.014630	0.000001	0.000584
0.247162	0.000470	0.715441	0.164753	0.114758	0.000000	0.004578
0.250984	0.111195	0.084789	0.468428	0.323421	0.000000	0.012166
0.299229	0.479118	0.406307	0.065643	0.048230	0.000018	0.000684
0.295957	0.516312	0.483587	0.000061	0.000038	0.000002	0.000001
0.394237	0.460024	0.539976	0.000000	0.000000	0.000000	0.000000
0.609465	0.000000	1.000000	0.000000	0.000000	0.000000	0.000000
0.657168	0.000000	1.000000	0.000000	0.000000	0.000000	0.000000
0.636454	0.000000	1.000000	0.000000	0.000000	0.000000	0.000000
0.648224	0.000000	1.000000	0.000000	0.000000	0.000000	0.000000
0.726751	0.000000	1.000000	0.000000	0.000000	0.000000	0.000000
0.670255	0.000000	1.000000	0.000000	0.000000	0.000000	0.000000
0.731668	0.000000	1.000000	0.000000	0.000000	0.000000	0.000000
0.635980	0.000000	1.000000	0.000000	0.000000	0.000000	0.000000
0.669272	0.000000	1.000000	0.000000	0.000000	0.000000	0.000000
0.647923	0.000000	1.000000	0.000000	0.000000	0.000000	0.000000
0.719921	0.000000	0.000000	0.580022	0.403867	0.000000	0.016112
0.413839	0.003819	0.003125	0.623274	0.362550	0.000000	0.007232
0.249342	0.007244	0.005947	0.574871	0.403877	0.000002	0.008059
0.234595	0.238256	0.195771	0.286954	0.273557	0.000002	0.005460
0.298467	0.553045	0.446947	0.000001	0.000007	0.000000	0.000000
0.480157	0.576011	0.423989	0.000000	0.000000	0.000000	0.000000
0.701112	0.555262	0.444738	0.000000	0.000000	0.000000	0.000000
0.653571	0.505384	0.494616	0.000000	0.000000	0.000000	0.000000
0.653263	0.199777	0.800214	0.000005	0.000003	0.000001	0.000000
0.494490	0.013669	0.155264	0.483805	0.278191	0.056737	0.012334
0.205167	0.021553	0.285900	0.432526	0.233716	0.021608	0.004697
0.269918	0.012322	0.276604	0.431621	0.248103	0.025752	0.005598
0.234842	0.072286	0.927692	0.000012	0.000009	0.000001	0.000000
0.479084	0.046479	0.953521	0.000000	0.000000	0.000000	0.000000
0.664112	0.187662	0.812338	0.000000	0.000000	0.000000	0.000000
0.740319	0.345507	0.654493	0.000000	0.000000	0.000000	0.000000
0.672303	0.445053	0.554947	0.000000	0.000000	0.000000	0.000000
0.663360	0.647214	0.352786	0.000000	0.000000	0.000000	0.000000
0.713654	0.868437	0.131563	0.000000	0.000000	0.000000	0.000000
0.680191	0.937327	0.062673	0.000000	0.000000	0.000000	0.000000
0.739507	0.900286	0.099713	0.000000	0.000000	0.000000	0.000000
0.553478	0.913099	0.086902	0.000000	0.000000	0.000000	0.000000
0.654519	0.938824	0.061176	0.000000	0.000000	0.000000	0.000000
0.706820	0.943229	0.056771	0.000000	0.000000	0.000000	0.000000
0.657414	0.932837	0.067163	0.000000	0.000000	0.000000	0.000000
0.599007	0.070487	0.018306	0.529353	0.309315	0.058805	0.013734
0.273297	0.003251	0.002441	0.604054	0.353166	0.030341	0.006747
0.248268	0.001226	0.001090	0.605161	0.353124	0.032350	0.007048
0.227843	0.516664	0.419414	0.037954	0.023074	0.002377	0.000517
0.378485	0.540470	0.459530	0.000000	0.000000	0.000000	0.000000
0.753481	0.545432	0.454568	0.000000	0.000000	0.000000	0.000000
0.675879	0.478528	0.521472	0.000000	0.000000	0.000000	0.000000
0.653960	0.294181	0.704263	0.000904	0.000521	0.000107	0.000023
0.393303	0.065139	0.384163	0.320051	0.184450	0.037948	0.008250
0.257487	0.030808	0.313069	0.408104	0.221121	0.022095	0.004803
0.240981	0.033683	0.505097	0.292107	0.150029	0.015676	0.003408
0.253167	0.031810	0.852327	0.063645	0.046345	0.004825	0.001049
0.263389	0.013024	0.768216	0.106450	0.092123	0.016582	0.003605
0.182229	0.024165	0.958838	0.001927	0.012235	0.002318	0.000517
0.251975	0.004907	0.993085	0.000875	0.001003	0.000094	0.000037
0.280748	0.002880	0.986162	0.006325	0.004427	0.000034	0.000172
0.240094	0.001856	0.976986	0.012269	0.008534	0.000015	0.000341
0.238003	0.001514	0.787159	0.122561	0.085339	0.000022	0.003405
0.213374	0.004464	0.549624	0.258294	0.180864	0.000028	0.006726
0.206572	0.014736	0.983438	0.001076	0.000729	0.000000	0.000020
0.373559	0.007337	0.992661	0.000001	0.000001	0.000000	0.000000
0.554716	0.020983	0.979016	0.000000	0.000000	0.000000	0.000000
0.591799	0.086752	0.913248	0.000000	0.000000	0.000000	0.000000
0.628338	0.435554	0.564446	0.000000	0.000000	0.000000	0.000000
0.742599	0.002431	0.997570	0.000000	0.000000	0.000000	0.000000
0.694099	0.002355	0.997645	0.000000	0.000000	0.000000	0.000000
0.639975	0.002282	0.997718	0.000000	0.000000	0.000000	0.000000
0.701674	0.002211	0.997789	0.000000	0.000000	0.000000	0.000000
0.699676	0.002142	0.997858	0.000000	0.000000	0.000000	0.000000
0.580321	0.002076	0.997924	0.000000	0.000000	0.000000	0.000000
0.655187	0.002011	0.997989	0.000000	0.000000	0.000000	0.000000
0.719879	0.001949	0.998051	0.000000	0.000000	0.000000	0.000000
0.634259	0.000931	0.492120	0.294042	0.204669	0.000071	0.008167
0.268709	0.002162	0.103604	0.532691	0.352013	0.000081	0.009449
0.234027	0.064170	0.333727	0.361875	0.236292	0.000030	0.003907
0.286286	0.017552	0.050044	0.533810	0.390933	0.000111	0.007549
0.197756	0.528563	0.471437	0.000000	0.000000	0.000000	0.000000
0.634278	0.527972	0.472028	0.000000	0.000000	0.000000	0.000000
0.615647	0.517688	0.482312	0.000000	0.000000	0.000000	0.000000
0.716240	0.526978	0.473022	0.000000	0.000000	0.000000	0.000000
0.579996	0.024040	0.096294	0.511118	0.294667	0.060688	0.013193
0.258695	0.006031	0.050384	0.577281	0.332344	0.027896	0.006064
0.241547	0.002673	0.008794	0.596611	0.352519	0.032366	0.007036
0.213380	0.021426	0.031346	0.553321	0.349988	0.036076	0.007843
0.237791	0.549831	0.450169	0.000000	0.000000	0.000000	0.000000
0.756975	0.550309	0.449691	0.000000	0.000000	0.000000	0.000000
0.673652	0.543920	0.456080	0.000000	0.000000	0.000000	0.000000
0.666990	0.526978	0.473022	0.000000	0.000000	0.000000	0.000000
0.614318	0.199778	0.800222	0.000000	0.000000	0.000000	0.000000
0.616120	0.080914	0.919086	0.000000	0.000000	0.000000	0.000000
0.705133	0.046184	0.953816	0.000000	0.000000	0.000000	0.000000
0.587619	0.025988	0.974012	0.000000	0.000000	0.000000	0.000000
0.696094	0.014540	0.985460	0.000000	0.000000	0.000000	0.000000
0.691899	0.008149	0.991851	0.000000	0.000000	0.000000	0.000000
0.688595	0.004614	0.995386	0.000000	0.000000	0.000000	0.000000
0.661884	0.002679	0.997321	0.000000	0.000000	0.000000	0.000000
0.613616	0.000013	0.008149	0.575298	0.399797	0.000774	0.015968
0.208719	0.000906	0.001289	0.588581	0.402940	0.000576	0.005709
0.256095	0.000346	0.000276	0.575497	0.416758	0.000654	0.006469
0.204322	0.000377	0.000309	0.503186	0.487798	0.000766	0.007563
0.171781	0.008207	0.006716	0.123861	0.846748	0.001330	0.013138
0.177125	0.022405	0.018770	0.070268	0.873605	0.001379	0.013573
0.243982	0.044353	0.041031	0.038603	0.861171	0.001420	0.013422
0.214552	0.233421	0.260366	0.014056	0.483514	0.001037	0.007605
0.238443	0.000263	0.491915	0.142333	0.340248	0.016899	0.008342
0.186990	0.003558	0.781741	0.056153	0.152549	0.003474	0.002525
0.179882	0.002157	0.987469	0.002057	0.007854	0.000268	0.000195
0.241008	0.000858	0.998491	0.000194	0.000435	0.000013	0.000010
0.249572	0.000625	0.999075	0.000169	0.000130	0.000001	0.000000
0.258158	0.000002	0.999326	0.000396	0.000272	0.000003	0.000001
0.252253	0.000005	0.996883	0.001826	0.001266	0.000000	0.000020
0.215478	0.000026	0.999635	0.000198	0.000136	0.000000	0.000004
0.329113	0.000009	0.995647	0.002520	0.001754	0.000000	0.000070
0.257765	0.000046	0.967436	0.018889	0.013106	0.000000	0.000523
0.213346	0.009807	0.007716	0.570705	0.395975	0.000000	0.015797
0.292835	0.180669	0.148857	0.402443	0.263355	0.000006	0.004670
0.240985	0.393964	0.318942	0.166317	0.118509	0.000150	0.002118
0.218172	0.515483	0.458654	0.013951	0.011450	0.000229	0.000233
0.245613	0.370579	0.581716	0.027268	0.016459	0.003245	0.000733
0.212976	0.088191	0.902607	0.005344	0.003085	0.000635	0.000138
0.300437	0.050871	0.937291	0.006895	0.003972	0.000797	0.000173
0.179932	0.028996	0.968682	0.001351	0.000792	0.000147	0.000032
0.230602	0.016098	0.983479	0.000246	0.000150	0.000021	0.000005
0.281256	0.008993	0.989610	0.000818	0.000528	0.000042	0.000009
0.227841	0.005069	0.990625	0.002522	0.001700	0.000056	0.000028
0.192981	0.002907	0.991465	0.003277	0.002261	0.000026	0.000063
0.203824	0.001724	0.997287	0.000574	0.000399	0.000001	0.000015
0.305246	0.001089	0.986940	0.006943	0.004830	0.000004	0.000193
0.232547	0.001451	0.954392	0.025611	0.017833	0.000002	0.000711
0.282130	0.003204	0.904007	0.053811	0.037479	0.000004	0.001495
0.277961	0.003821	0.929408	0.039273	0.026430	0.000013	0.001055
0.225520	0.003395	0.941038	0.032563	0.022111	0.000012	0.000882
0.232225	0.003255	0.956541	0.023525	0.016031	0.000008	0.000640
0.245672	0.002927	0.932234	0.037851	0.025941	0.000013	0.001035
0.224256	0.003198	0.949778	0.027562	0.018706	0.000009	0.000746
0.239406	0.002863	0.939007	0.033968	0.023224	0.000011	0.000927
0.229213	0.007010	0.992990	0.000000	0.000000	0.000000	0.000000
0.726261	0.047929	0.952071	0.000000	0.000000	0.000000	0.000000
0.686801	0.778701	0.221299	0.000000	0.000000	0.000000	0.000000
0.735439	0.982638	0.017362	0.000000	0.000000	0.000000	0.000000
0.636591	0.998979	0.001021	0.000000	0.000000	0.000000	0.000000
0.690081	0.999924	0.000076	0.000000	0.000000	0.000000	0.000000
0.721291	0.999979	0.000021	0.000000	0.000000	0.000000	0.000000
0.635327	0.999997	0.000003	0.000000	0.000000	0.000000	0.000000
0.727939	0.999996	0.000003	0.000000	0.000000	0.000000	0.000000
0.539435	0.999998	0.000002	0.000000	0.000000	0.000000	0.000000
0.630848	0.999999	0.000001	0.000000	0.000000	0.000000	0.000000
0.667005	1.000000	0.000000	0.000000	0.000000	0.000000	0.000000
0.662939	0.009018	0.000000	0.575760	0.331979	0.068378	0.014865
0.209061	0.334042	0.168753	0.310608	0.167790	0.015448	0.003358
0.346625	0.179873	0.087489	0.442303	0.257720	0.026801	0.005814
0.256147	0.046975	0.038752	0.530921	0.342813	0.033305	0.007234
0.201786	0.546389	0.453611	0.000000	0.000000	0.000000	0.000000
0.572097	0.537181	0.462819	0.000000	0.000000	0.000000	0.000000
0.694068	0.543920	0.456080	0.000000	0.000000	0.000000	0.000000
0.684268	0.526978	0.473022	0.000000	0.000000	0.000000	0.000000
0.610810	0.007714	0.030898	0.558602	0.322042	0.066326	0.014419
0.243314	0.001382	0.004184	0.598918	0.360736	0.028568	0.006211
0.230522	0.001534	0.002064	0.601405	0.355369	0.032552	0.007077
0.212612	0.013946	0.012324	0.568803	0.359791	0.037076	0.008060
0.232665	0.549988	0.450012	0.000000	0.000000	0.000000	0.000000
0.694202	0.550274	0.449726	0.000000	0.000000	0.000000	0.000000
0.643420	0.543920	0.456080	0.000000	0.000000	0.000000	0.000000
0.716173	0.526978	0.473022	0.000000	0.000000	0.000000	0.000000
0.743433	0.003470	0.013898	0.570945	0.329158	0.067792	0.014737
0.259720	0.000026	0.000058	0.602265	0.362786	0.028639	0.006226
0.189312	0.000125	0.000104	0.603445	0.356578	0.032651	0.007098
0.190301	0.013945	0.011413	0.546625	0.380307	0.039190	0.008520
0.259871	0.549953	0.450047	0.000000	0.000000	0.000000	0.000000
0.626303	0.550336	0.449664	0.000000	0.000000	0.000000	0.000000
0.575861	0.543920	0.456080	0.000000	0.000000	0.000000	0.000000
0.736985	0.526978	0.473022	0.000000	0.000000	0.000000	0.000000
0.669859	0.192996	0.773056	0.019725	0.011372	0.002342	0.000509
0.367956	0.001083	0.012288	0.572887	0.331362	0.067669	0.014711
0.163213	0.002205	0.004305	0.618193	0.342583	0.026872	0.005842
0.237707	0.022649	0.027184	0.625481	0.288502	0.029723	0.006462
0.261308	0.002318	0.002466	0.567538	0.380008	0.039158	0.008512
0.163084	0.010351	0.008466	0.379043	0.534991	0.055157	0.011991
0.170576	0.077546	0.063861	0.155985	0.624182	0.064421	0.014005
0.217094	0.289533	0.139435	0.062616	0.451535	0.046724	0.010157
0.250813	0.667163	0.305522	0.002439	0.022036	0.002334	0.000506
0.294103	0.430385	0.447495	0.069426	0.042124	0.008682	0.001887
0.224587	0.386290	0.539486	0.045244	0.023170	0.004773	0.001038
0.183913	0.001116	0.973543	0.014885	0.008360	0.001721	0.000374
0.279349	0.000737	0.999262	0.000000	0.000000	0.000000	0.000000
0.532605	0.002692	0.997308	0.000000	0.000000	0.000000	0.000000
0.675884	0.014261	0.985739	0.000000	0.000000	0.000000	0.000000
0.685672	0.012831	0.987169	0.000000	0.000000	0.000000	0.000000
0.752013	0.004688	0.995295	0.000010	0.000006	0.000000	0.000000
0.380840	0.000000	0.801807	0.115874	0.077588	0.003064	0.001667
0.167734	0.001358	0.976835	0.014819	0.006548	0.000199	0.000241
0.253925	0.000538	0.888959	0.064936	0.043605	0.000222	0.001740
0.190099	0.001396	0.998601	0.000002	0.000001	0.000000	0.000000
0.495882	0.999997	0.000000	0.000001	0.000001	0.000000	0.000000
0.701188	1.000000	0.000000	0.000000	0.000000	0.000000	0.000000
0.645206	1.000000	0.000000	0.000000	0.000000	0.000000	0.000000
0.742415	1.000000	0.000000	0.000000	0.000000	0.000000	0.000000
0.712680	0.000020	0.000016	0.580979	0.334988	0.068998	0.014999
0.643735	0.549994	0.450006	0.000000	0.000000	0.000000	0.000000
0.649001	0.540867	0.459133	0.000000	0.000000	0.000000	0.000000
0.721946	0.582403	0.417597	0.000000	0.000000	0.000000	0.000000
0.775250	0.521911	0.478089	0.000000	0.000000	0.000000	0.000000
0.672425	0.415632	0.584368	0.000000	0.000000	0.000000	0.000000
0.611288	0.086007	0.913993	0.000000	0.000000	0.000000	0.000000
0.632944	0.048929	0.951067	0.000003	0.000002	0.000000	0.000000
0.462082	0.025663	0.911564	0.036580	0.021428	0.003914	0.000851
0.285237	0.005774	0.366784	0.361552	0.218170	0.039198	0.008521
0.214233	0.008822	0.370331	0.366681	0.215901	0.031432	0.006833
0.258812	0.027720	0.971743	0.000297	0.000199	0.000034	0.000007
0.407560	0.015840	0.984160	0.000000	0.000000	0.000000	0.000000
0.712105	0.026674	0.973326	0.000000	0.000000	0.000000	0.000000
0.660066	0.028004	0.971996	0.000000	0.000000	0.000000	0.000000
0.595206	0.016128	0.983870	0.000001	0.000001	0.000000	0.000000
0.495300	0.001134	0.118723	0.510508	0.355018	0.000443	0.014173
0.243501	0.048047	0.190912	0.439274	0.315290	0.000186	0.006292
0.289710	0.008158	0.033842	0.547243	0.404023	0.000214	0.006519
0.207130	0.033707	0.036470	0.503128	0.420467	0.000234	0.005994
0.223828	0.168333	0.121489	0.338467	0.365890	0.000281	0.005541
0.236278	0.548316	0.323832	0.026974	0.099015	0.000320	0.001543
0.258652	0.534900	0.424254	0.019141	0.018939	0.002124	0.000643
0.261775	0.527637	0.471835	0.000305	0.000178	0.000036	0.000008
0.326500	0.268868	0.469407	0.152072	0.087670	0.018057	0.003926
0.177852	0.197577	0.741659	0.036983	0.019792	0.003277	0.000712
0.220798	0.038520	0.935718	0.014932	0.008668	0.001775	0.000386
0.226137	0.021986	0.977898	0.000067	0.000040	0.000007	0.000002
0.336694	0.011860	0.988140	0.000000	0.000000	0.000000	0.000000
0.619503	0.006270	0.993730	0.000000	0.000000	0.000000	0.000000
0.730702	0.003333	0.996667	0.000000	0.000000	0.000000	0.000000
0.680652	0.001825	0.998175	0.000000	0.000000	0.000000	0.000000
0.601359	0.001008	0.998992	0.000000	0.000000	0.000000	0.000000
0.689210	0.000576	0.999424	0.000000	0.000000	0.000000	0.000000
0.774300	0.000482	0.999518	0.000000	0.000000	0.000000	0.000000
0.574100	0.000404	0.999596	0.000000	0.000000	0.000000	0.000000
0.760892	0.002846	0.997154	0.000000	0.000000	0.000000	0.000000
0.688330	0.002757	0.997243	0.000000	0.000000	0.000000	0.000000
0.775129	0.002672	0.997328	0.000000	0.000000	0.000000	0.000000
0.619653	0.002589	0.997403	0.000004	0.000003	0.000000	0.000000
0.487344	0.000066	0.026397	0.564675	0.392998	0.000181	0.015682
0.202637	0.000825	0.001847	0.626066	0.363814	0.000085	0.007363
0.204770	0.097929	0.083747	0.479147	0.332463	0.000077	0.006637
0.287316	0.543886	0.455732	0.000209	0.000169	0.000000	0.000003
0.446659	0.540231	0.459769	0.000000	0.000000	0.000000	0.000000
0.691052	0.500063	0.499937	0.000000	0.000000	0.000000	0.000000
0.607828	0.454301	0.545699	0.000000	0.000000	0.000000	0.000000
0.637534	0.314971	0.685029	0.000000	0.000000	0.000000	0.000000
0.730969	0.131323	0.868677	0.000000	0.000000	0.000000	0.000000
0.664306	0.088257	0.911743	0.000000	0.000000	0.000000	0.000000
0.696737	0.053883	0.946117	0.000000	0.000000	0.000000	0.000000
0.583717	0.031593	0.968408	0.000000	0.000000	0.000000	0.000000
0.713228	0.018060	0.981940	0.000000	0.000000	0.000000	0.000000
0.675648	0.010374	0.989626	0.000000	0.000000	0.000000	0.000000
0.693018	0.005967	0.994033	0.000000	0.000000	0.000000	0.000000
0.619717	0.003472	0.996485	0.000025	0.000017	0.000000	0.000001
0.438653	0.002126	0.956821	0.023812	0.016556	0.000024	0.000661
0.330288	0.000130	0.052590	0.549341	0.382566	0.000109	0.015264
0.241198	0.000646	0.003222	0.581826	0.407388	0.000066	0.006853
0.214558	0.359713	0.319003	0.186106	0.132798	0.000023	0.002358
0.340083	0.539714	0.460286	0.000000	0.000000	0.000000	0.000000
0.670411	0.541611	0.458389	0.000000	0.000000	0.000000	0.000000
0.675207	0.500472	0.499528	0.000000	0.000000	0.000000	0.000000
0.717172	0.258887	0.741113	0.000000	0.000000	0.000000	0.000000
0.804507	0.000000	1.000000	0.000000	0.000000	0.000000	0.000000
0.608768	0.000000	1.000000	0.000000	0.000000	0.000000	0.000000
0.724726	0.000000	1.000000	0.000000	0.000000	0.000000	0.000000
0.712479	0.000000	1.000000	0.000000	0.000000	0.000000	0.000000
0.662463	0.000000	1.000000	0.000000	0.000000	0.000000	0.000000
0.656519	0.000000	1.000000	0.000000	0.000000	0.000000	0.000000
0.746012	0.000000	1.000000	0.000000	0.000000	0.000000	0.000000
0.548295	0.000000	1.000000	0.000000	0.000000	0.000000	0.000000
0.570524	0.000000	0.010091	0.574168	0.399791	0.000000	0.015949
0.233163	0.000006	0.000005	0.574462	0.418892	0.000000	0.006635
0.149964	0.158125	0.129375	0.410313	0.296921	0.000000	0.005266
0.323376	0.021150	0.016583	0.502574	0.451336	0.000321	0.008036
0.203735	0.244560	0.205290	0.042153	0.499029	0.000101	0.008867
0.251735	0.535942	0.452215	0.000660	0.010966	0.000020	0.000197
0.337397	0.321739	0.621165	0.032649	0.019699	0.003871	0.000878
0.244622	0.269968	0.651474	0.045429	0.026513	0.005434	0.001181
0.177583	0.000544	0.966192	0.019280	0.011186	0.002298	0.000500
0.256659	0.000279	0.999143	0.000334	0.000210	0.000028	0.000006
0.248323	0.000175	0.999643	0.000107	0.000074	0.000001	0.000000
0.271752	0.000131	0.999746	0.000073	0.000051	0.000000	0.000001
0.304281	0.000002	0.999998	0.000000	0.000000	0.000000	0.000000
0.712958	0.000000	1.000000	0.000000	0.000000	0.000000	0.000000
0.718154	0.000000	1.000000	0.000000	0.000000	0.000000	0.000000
0.729522	0.000000	0.999999	0.000000	0.000000	0.000000	0.000000
0.551587	0.000000	0.946237	0.031184	0.021713	0.000000	0.000866
0.246533	0.000053	0.072849	0.537648	0.374509	0.000000	0.014941
0.188862	0.259997	0.212037	0.303682	0.219936	0.000000	0.004348
0.296875	0.431786	0.326656	0.133534	0.106264	0.000166	0.001594
0.245334	0.547165	0.452835	0.000000	0.000000	0.000000	0.000000
0.685395	0.538592	0.461408	0.000000	0.000000	0.000000	0.000000
0.726941	0.487066	0.512934	0.000000	0.000000	0.000000	0.000000
0.687396	0.455786	0.544214	0.000000	0.000000	0.000000	0.000000
0.666655	0.000000	1.000000	0.000000	0.000000	0.000000	0.000000
0.652057	0.000000	1.000000	0.000000	0.000000	0.000000	0.000000
0.676160	0.000000	1.000000	0.000000	0.000000	0.000000	0.000000
0.651314	0.000000	1.000000	0.000000	0.000000	0.000000	0.000000
0.645033	0.000000	1.000000	0.000000	0.000000	0.000000	0.000000
0.832120	0.000000	1.000000	0.000000	0.000000	0.000000	0.000000
0.649143	0.000000	1.000000	0.000000	0.000000	0.000000	0.000000
0.671081	0.000000	1.000000	0.000000	0.000000	0.000000	0.000000
0.675936	0.000000	0.064457	0.542635	0.377835	0.000000	0.015073
0.270755	0.000152	0.000332	0.573924	0.418107	0.000000	0.007485
0.225968	0.014673	0.011945	0.532197	0.434899	0.000000	0.006285
0.277606	0.044821	0.037074	0.448869	0.461936	0.000010	0.007291
0.266302	0.549881	0.450119	0.000000	0.000000	0.000000	0.000000
0.708137	0.552114	0.447886	0.000000	0.000000	0.000000	0.000000
0.611958	0.535702	0.464298	0.000000	0.000000	0.000000	0.000000
0.612224	0.438239	0.561760	0.000000	0.000000	0.000000	0.000000
0.675781	0.000000	1.000000	0.000000	0.000000	0.000000	0.000000
0.633331	0.000000	1.000000	0.000000	0.000000	0.000000	0.000000
0.707117	0.000000	1.000000	0.000000	0.000000	0.000000	0.000000
0.613027	0.000000	1.000000	0.000000	0.000000	0.000000	0.000000
0.578718	0.000000	1.000000	0.000000	0.000000	0.000000	0.000000
0.570383	0.000000	1.000000	0.000000	0.000000	0.000000	0.000000
0.709888	0.000000	1.000000	0.000000	0.000000	0.000000	0.000000
0.668363	0.000000	1.000000	0.000000	0.000000	0.000000	0.000000
0.635821	0.000000	0.101742	0.521009	0.362777	0.000000	0.014472
0.298264	0.004350	0.003559	0.570209	0.413230	0.000000	0.008652
0.278081	0.032762	0.026936	0.528831	0.405865	0.000003	0.005603
0.282744	0.011054	0.009198	0.483976	0.488677	0.000022	0.007073
0.221489	0.478112	0.396932	0.012975	0.110269	0.000008	0.001703
0.302958	0.453804	0.413398	0.013720	0.115040	0.001632	0.002406
0.222142	0.404640	0.575995	0.008967	0.008949	0.001066	0.000383
0.264270	0.328446	0.636610	0.019840	0.012214	0.002351	0.000539
0.207455	0.000076	0.685037	0.182929	0.105571	0.021674	0.004712
0.169910	0.003227	0.985400	0.007450	0.003549	0.000307	0.000067
0.247618	0.000524	0.998671	0.000460	0.000319	0.000020	0.000007
0.241901	0.000362	0.999283	0.000206	0.000144	0.000000	0.000003
0.282264	0.000345	0.999655	0.000000	0.000000	0.000000	0.000000
0.597892	0.000000	1.000000	0.000000	0.000000	0.000000	0.000000
0.604937	0.000000	1.000000	0.000000	0.000000	0.000000	0.000000
0.685910	0.000000	1.000000	0.000000	0.000000	0.000000	0.000000
0.641982	0.000000	1.000000	0.000000	0.000000	0.000000	0.000000
0.768333	0.006229	0.005096	0.573453	0.399293	0.000000	0.015929
0.730090	0.547318	0.452681	0.000000	0.000000	0.000000	0.000000
0.604845	0.522937	0.477063	0.000000	0.000000	0.000000	0.000000
0.706516	0.484017	0.515983	0.000000	0.000000	0.000000	0.000000
0.701142	0.261484	0.738516	0.000000	0.000000	0.000000	0.000000
0.611422	0.000000	1.000000	0.000000	0.000000	0.000000	0.000000
0.619179	0.000000	1.000000	0.000000	0.000000	0.000000	0.000000
0.681076	0.000000	0.766772	0.137493	0.095736	0.000000	0.000000
0.224261	0.001882	0.893600	0.066986	0.037496	0.000000	0.000036
0.279794	0.001768	0.986272	0.006666	0.005250	0.000000	0.000044
0.293844	0.001487	0.601139	0.225301	0.166940	0.000036	0.005096
0.190432	0.086939	0.913061	0.000000	0.000000	0.000000	0.000000
0.628123	0.311065	0.688935	0.000000	0.000000	0.000000	0.000000
0.694418	0.387316	0.612684	0.000000	0.000000	0.000000	0.000000
0.575290	0.538208	0.461792	0.000000	0.000000	0.000000	0.000000
0.626939	0.000000	0.037891	0.559038	0.322282	0.066363	0.014427
0.250039	0.052834	0.483811	0.283770	0.163596	0.013134	0.002855
0.320037	0.029878	0.945719	0.014284	0.009220	0.000738	0.000160
0.325090	0.025326	0.969870	0.002795	0.001751	0.000212	0.000046
0.269035	0.033241	0.679458	0.159958	0.116573	0.007816	0.002954
0.155702	0.003449	0.786999	0.132743	0.070479	0.004510	0.001821
0.215350	0.004791	0.849782	0.090712	0.051548	0.001544	0.001623
0.201146	0.004805	0.982887	0.007037	0.004968	0.000105	0.000198
0.266879	0.000872	0.000034	0.578922	0.404023	0.000065	0.016085
0.181328	0.135052	0.103662	0.476223	0.279429	0.000060	0.005575
0.240459	0.421504	0.293537	0.170474	0.112083	0.000153	0.002250
0.245088	0.535036	0.438154	0.014553	0.011443	0.000523	0.000291
0.259384	0.484713	0.499097	0.009047	0.005794	0.001092	0.000257
0.226827	0.101242	0.825645	0.042479	0.024494	0.005043	0.001096
0.238115	0.034519	0.963693	0.001037	0.000602	0.000122	0.000027
0.295668	0.019618	0.980150	0.000135	0.000081	0.000013	0.000003
0.300747	0.011159	0.988744	0.000056	0.000036	0.000004	0.000001
0.324907	0.006400	0.992030	0.000919	0.000613	0.000026	0.000012
0.235529	0.003726	0.995908	0.000213	0.000146	0.000002	0.000005
0.306289	0.002245	0.996314	0.000836	0.000580	0.000002	0.000022
0.283390	0.001361	0.904947	0.054341	0.037799	0.000042	0.001509
0.161364	0.002522	0.454427	0.314870	0.219399	0.000029	0.008753
0.199130	0.154036	0.104485	0.434077	0.297543	0.000048	0.009812
0.269220	0.220425	0.104751	0.387130	0.283525	0.000885	0.003284
0.185415	0.508078	0.263438	0.122638	0.103495	0.001054	0.001296
0.218081	0.524016	0.350913	0.060416	0.059341	0.004007	0.001306
0.178833	0.154760	0.591631	0.141523	0.091956	0.016442	0.003687
0.185369	0.114870	0.825714	0.036335	0.020284	0.002298	0.000499
0.181540	0.048069	0.948850	0.001748	0.001081	0.000207	0.000045
0.246445	0.029091	0.970086	0.000479	0.000291	0.000043	0.000009
0.274811	0.016831	0.980711	0.001434	0.000919	0.000079	0.000026
0.224958	0.010097	0.988235	0.000970	0.000652	0.000023	0.000022
0.256869	0.006316	0.991980	0.000988	0.000681	0.000008	0.000027
0.282109	0.003983	0.966315	0.017227	0.011960	0.000039	0.000477
0.194462	0.026969	0.293509	0.394070	0.274444	0.000060	0.010948
0.258809	0.069687	0.786990	0.089235	0.052782	0.000178	0.001129
0.228828	0.041430	0.921570	0.021838	0.014473	0.000169	0.000519
0.227029	0.220129	0.004621	0.450192	0.311982	0.000616	0.012460
0.247618	0.846948	0.064374	0.054998	0.032157	0.000791	0.000732
0.289289	0.824079	0.031224	0.083851	0.050378	0.008464	0.002006
0.190335	0.936961	0.063037	0.000001	0.000001	0.000000	0.000000
0.631541	0.715577	0.284423	0.000000	0.000000	0.000000	0.000000
0.692642	0.114915	0.885085	0.000000	0.000000	0.000000	0.000000
0.683487	0.010053	0.989947	0.000000	0.000000	0.000000	0.000000
0.681712	0.015499	0.983053	0.000847	0.000530	0.000059	0.000013
0.260176	0.020622	0.974491	0.002877	0.001789	0.000182	0.000040
0.235048	0.017937	0.981326	0.000438	0.000271	0.000023	0.000005
0.287848	0.015899	0.981060	0.001780	0.001182	0.000052	0.000026
0.256071	0.004524	0.995476	0.000000	0.000000	0.000000	0.000000
0.586901	0.001536	0.998464	0.000000	0.000000	0.000000	0.000000
0.575307	0.000531	0.999469	0.000000	0.000000	0.000000	0.000000
0.717120	0.999999	0.000000	0.000001	0.000000	0.000000	0.000000
0.703647	0.885551	0.000000	0.066495	0.038340	0.007897	0.001717
0.323765	0.820008	0.000217	0.106262	0.058776	0.012106	0.002632
0.246081	0.805485	0.002786	0.115227	0.061165	0.012598	0.002739
0.240363	0.934598	0.005358	0.036033	0.019197	0.003954	0.000860
0.267564	0.995540	0.004454	0.000003	0.000002	0.000000	0.000000
0.500390	0.994781	0.005219	0.000000	0.000000	0.000000	0.000000
0.639575	0.987271	0.012729	0.000000	0.000000	0.000000	0.000000
0.718371	0.961400	0.038600	0.000000	0.000000	0.000000	0.000000
0.737253	0.914002	0.085997	0.000000	0.000000	0.000000	0.000000
0.638146	0.835894	0.164106	0.000000	0.000000	0.000000	0.000000
0.649550	0.741545	0.258455	0.000000	0.000000	0.000000	0.000000
0.670136	0.686619	0.313381	0.000000	0.000000	0.000000	0.000000
0.743735	0.591519	0.408481	0.000000	0.000000	0.000000	0.000000
0.627934	0.548621	0.451379	0.000000	0.000000	0.000000	0.000000
0.649457	0.566232	0.433768	0.000000	0.000000	0.000000	0.000000
0.653090	0.611340	0.388660	0.000000	0.000000	0.000000	0.000000
0.713597	0.515419	0.484147	0.000252	0.000157	0.000019	0.000007
0.428183	0.044103	0.067464	0.515765	0.326631	0.032244	0.013795
0.249248	0.027979	0.060944	0.545197	0.341105	0.019755	0.005020
0.274542	0.115534	0.201641	0.403552	0.259170	0.016120	0.003982
0.290813	0.365767	0.634196	0.000019	0.000016	0.000001	0.000000
0.479272	0.372966	0.627034	0.000000	0.000000	0.000000	0.000000
0.707999	0.426463	0.573537	0.000000	0.000000	0.000000	0.000000
0.669555	0.367597	0.632403	0.000000	0.000000	0.000000	0.000000
0.690291	0.135667	0.864006	0.000190	0.000113	0.000019	0.000005
0.419423	0.034133	0.584773	0.221265	0.142818	0.011125	0.005886
0.249966	0.026234	0.772208	0.121801	0.074024	0.003992	0.001741
0.272759	0.006235	0.333781	0.429401	0.207946	0.014588	0.008050
0.191493	0.045120	0.630006	0.202530	0.112027	0.007698	0.002619
0.245507	0.059635	0.776773	0.082648	0.074620	0.004408	0.001916
0.228973	0.075928	0.878458	0.022935	0.021251	0.000752	0.000676
0.254175	0.119744	0.856447	0.013771	0.009524	0.000133	0.000382
0.274689	0.170688	0.801441	0.016159	0.011003	0.000264	0.000445
0.272712	0.221104	0.735415	0.025207	0.017036	0.000546	0.000692
0.256476	0.285945	0.617330	0.056045	0.037545	0.001601	0.001534
0.227422	0.361712	0.513708	0.072039	0.047737	0.002838	0.001966
0.215013	0.323437	0.675763	0.000462	0.000301	0.000024	0.000013
0.380804	0.102866	0.897134	0.000000	0.000000	0.000000	0.000000
0.728635	0.046073	0.953927	0.000000	0.000000	0.000000	0.000000
0.718470	0.033371	0.966629	0.000000	0.000000	0.000000	0.000000
0.574901	0.023041	0.976959	0.000000	0.000000	0.000000	0.000000
0.693772	0.017309	0.982691	0.000000	0.000000	0.000000	0.000000
0.747028	0.015113	0.984887	0.000000	0.000000	0.000000	0.000000
0.651724	0.013445	0.986555	0.000000	0.000000	0.000000	0.000000
0.699052	0.012278	0.987722	0.000000	0.000000	0.000000	0.000000
0.733595	0.011586	0.988414	0.000000	0.000000	0.000000	0.000000
0.692107	0.011133	0.988867	0.000000	0.000000	0.000000	0.000000
0.620816	0.010678	0.989322	0.000000	0.000000	0.000000	0.000000
0.693474	0.010456	0.988381	0.000675	0.000469	0.000001	0.000019
0.396204	0.000026	0.002422	0.578600	0.402142	0.000749	0.016061
0.148960	0.003763	0.003500	0.567620	0.415045	0.000602	0.009470
0.226280	0.022250	0.018282	0.557125	0.391268	0.000666	0.010410
0.231156	0.538164	0.443360	0.009288	0.008934	0.000016	0.000238
0.364430	0.547801	0.452199	0.000000	0.000000	0.000000	0.000000
0.661246	0.522120	0.477880	0.000000	0.000000	0.000000	0.000000
0.590063	0.469401	0.530599	0.000000	0.000000	0.000000	0.000000
0.607126	0.222945	0.777055	0.000000	0.000000	0.000000	0.000000
0.599061	0.138919	0.861081	0.000000	0.000000	0.000000	0.000000
0.658738	0.083339	0.916661	0.000000	0.000000	0.000000	0.000000
0.621682	0.048953	0.951047	0.000000	0.000000	0.000000	0.000000
0.732772	0.028596	0.971404	0.000000	0.000000	0.000000	0.000000
0.754288	0.016931	0.983069	0.000000	0.000000	0.000000	0.000000
0.589766	0.010542	0.989458	0.000000	0.000000	0.000000	0.000000
0.589503	0.007786	0.992214	0.000000	0.000000	0.000000	0.000000
0.648968	0.011599	0.988401	0.000000	0.000000	0.000000	0.000000
0.631148	0.000385	0.033841	0.560181	0.389241	0.000805	0.015547
0.239898	0.006004	0.014110	0.595468	0.373863	0.000525	0.010030
0.267715	0.000682	0.000534	0.580021	0.407331	0.000571	0.010860
0.181992	0.511482	0.418701	0.032408	0.036390	0.000051	0.000969
0.355685	0.538556	0.461444	0.000000	0.000000	0.000000	0.000000
0.725082	0.509481	0.490519	0.000000	0.000000	0.000000	0.000000
0.660746	0.469401	0.530599	0.000000	0.000000	0.000000	0.000000
0.685498	0.222945	0.777055	0.000000	0.000000	0.000000	0.000000
0.690658	0.138919	0.861081	0.000000	0.000000	0.000000	0.000000
0.736417	0.083339	0.916661	0.000000	0.000000	0.000000	0.000000
0.665354	0.048953	0.951047	0.000000	0.000000	0.000000	0.000000
0.751418	0.028596	0.971404	0.000000	0.000000	0.000000	0.000000
0.619850	0.016931	0.983069	0.000000	0.000000	0.000000	0.000000
0.703468	0.010542	0.989458	0.000000	0.000000	0.000000	0.000000
0.714664	0.007786	0.992214	0.000000	0.000000	0.000000	0.000000
0.724640	0.011599	0.988401	0.000000	0.000000	0.000000	0.000000
0.589540	0.000024	0.002097	0.578803	0.402180	0.000831	0.016064
0.219706	0.019208	0.017869	0.585576	0.367067	0.000511	0.009769
0.309819	0.004696	0.003913	0.575732	0.404319	0.000583	0.010758
0.240075	0.002800	0.002359	0.461817	0.518483	0.000739	0.013801
0.198734	0.047894	0.039315	0.225435	0.668608	0.000936	0.017813
0.230711	0.119102	0.101273	0.121640	0.639963	0.000937	0.017086
0.253724	0.431328	0.418652	0.015078	0.131098	0.000319	0.003526
0.275286	0.371740	0.501243	0.037188	0.083194	0.004044	0.002590
0.194905	0.000813	0.981157	0.009592	0.007011	0.001141	0.000285
0.296369	0.000429	0.996982	0.001696	0.000749	0.000118	0.000026
0.200740	0.000288	0.999524	0.000114	0.000070	0.000004	0.000001
0.268421	0.000161	0.999829	0.000006	0.000004	0.000000	0.000000
0.377699	0.000008	0.999992	0.000000	0.000000	0.000000	0.000000
0.600546	0.000366	0.999634	0.000000	0.000000	0.000000	0.000000
0.783575	0.011598	0.988402	0.000000	0.000000	0.000000	0.000000
0.763223	0.000062	0.999938	0.000000	0.000000	0.000000	0.000000
0.674403	0.000188	0.000154	0.579823	0.403725	0.000004	0.016106
0.630620	0.549914	0.450083	0.000002	0.000001	0.000000	0.000000
0.580090	0.549414	0.450586	0.000000	0.000000	0.000000	0.000000
0.547258	0.536758	0.463242	0.000000	0.000000	0.000000	0.000000
0.698325	0.429473	0.570527	0.000000	0.000000	0.000000	0.000000
0.576936	0.104777	0.895223	0.000000	0.000000	0.000000	0.000000
0.757390	0.061903	0.938097	0.000000	0.000000	0.000000	0.000000
0.640551	0.035797	0.964203	0.000000	0.000000	0.000000	0.000000
0.557694	0.018490	0.889686	0.053617	0.033131	0.004169	0.000906
0.258554	0.011987	0.981689	0.003640	0.002277	0.000323	0.000083
0.310636	0.006331	0.908886	0.049040	0.033413	0.001125	0.001205
0.239218	0.004338	0.975708	0.011474	0.008018	0.000140	0.000321
