signal	P(dit) 	P(dah)	P(spc)	P(chrspc)	P(wrdspc)	P(pause)
0.650000	0.550000	0.450000	0.000000	0.000000	0.000000	0.000000
0.653522	0.617809	0.382191	0.000000	0.000000	0.000000	0.000000
0.671638	0.604369	0.395631	0.000000	0.000000	0.000000	0.000000
0.657464	0.578357	0.421643	0.000000	0.000000	0.000000	0.000000
0.641744	0.442881	0.557119	0.000000	0.000000	0.000000	0.000000
0.696643	0.392560	0.607440	0.000000	0.000000	0.000000	0.000000
0.589138	0.325267	0.674733	0.000000	0.000000	0.000000	0.000000
0.611636	0.254041	0.745959	0.000000	0.000000	0.000000	0.000000
0.581256	0.138335	0.861665	0.000000	0.000000	0.000000	0.000000
0.680811	0.100200	0.899800	0.000000	0.000000	0.000000	0.000000
0.652517	0.072230	0.927770	0.000000	0.000000	0.000000	0.000000
0.693799	0.052366	0.947634	0.000000	0.000000	0.000000	0.000000
0.684839	0.000049	0.001205	0.580401	0.388692	0.015317	0.014336
0.165977	0.000003	0.000003	0.593580	0.394568	0.006894	0.004953
0.148976	0.000031	0.000026	0.596415	0.390086	0.007822	0.005620
0.155094	0.000203	0.000166	0.515394	0.468100	0.009389	0.006747
0.158314	0.549998	0.450002	0.000000	0.000000	0.000000	0.000000
0.640955	0.550267	0.449733	0.000000	0.000000	0.000000	0.000000
0.664440	0.543920	0.456080	0.000000	0.000000	0.000000	0.000000
0.612584	0.526978	0.473022	0.000000	0.000000	0.000000	0.000000
0.618813	0.199778	0.800222	0.000000	0.000000	0.000000	0.000000
0.627352	0.080914	0.919086	0.000000	0.000000	0.000000	0.000000
0.648328	0.046184	0.953816	0.000000	0.000000	0.000000	0.000000
0.607319	0.025988	0.974012	0.000000	0.000000	0.000000	0.000000
0.714506	0.014540	0.985460	0.000000	0.000000	0.000000	0.000000
0.774129	0.008149	0.991851	0.000000	0.000000	0.000000	0.000000
0.706614	0.004614	0.995386	0.000000	0.000000	0.000000	0.000000
0.610673	0.002679	0.997321	0.000000	0.000000	0.000000	0.000000
0.648771	0.000004	0.002457	0.578605	0.402095	0.000779	0.016060
0.187898	0.000044	0.000043	0.589835	0.403791	0.000577	0.005709
0.199313	0.000047	0.000039	0.575802	0.416995	0.000654	0.006463
0.162070	0.001151	0.000942	0.502478	0.487111	0.000765	0.007553
0.196538	0.549995	0.450005	0.000000	0.000000	0.000000	0.000000
0.692513	0.553463	0.446537	0.000000	0.000000	0.000000	0.000000
0.641925	0.541169	0.458831	0.000000	0.000000	0.000000	0.000000
0.643077	0.467868	0.532132	0.000000	0.000000	0.000000	0.000000
0.661064	0.000003	0.000020	0.581022	0.334974	0.068985	0.014997
0.125917	0.000007	0.000006	0.603740	0.363844	0.026616	0.005786
0.151253	0.000071	0.000058	0.603245	0.359290	0.030669	0.006667
0.160282	0.000167	0.000137	0.586996	0.368824	0.036041	0.007835
0.141035	0.549998	0.450002	0.000000	0.000000	0.000000	0.000000
0.621528	0.539074	0.460926	0.000000	0.000000	0.000000	0.000000
0.635283	0.542815	0.457185	0.000000	0.000000	0.000000	0.000000
0.612733	0.468577	0.531423	0.000000	0.000000	0.000000	0.000000
0.644763	0.120524	0.879476	0.000000	0.000000	0.000000	0.000000
0.626934	0.070026	0.929974	0.000000	0.000000	0.000000	0.000000
0.603090	0.039766	0.960234	0.000000	0.000000	0.000000	0.000000
0.570997	0.022322	0.977678	0.000000	0.000000	0.000000	0.000000
0.665794	0.012477	0.987523	0.000000	0.000000	0.000000	0.000000
0.612552	0.006995	0.993005	0.000000	0.000000	0.000000	0.000000
0.609277	0.003972	0.996028	0.000000	0.000000	0.000000	0.000000
0.709849	0.002321	0.997679	0.000000	0.000000	0.000000	0.000000
0.600879	0.000017	0.011655	0.573260	0.398567	0.000587	0.015914
0.196657	0.000028	0.000043	0.615925	0.378198	0.000531	0.005275
0.170363	0.000063	0.000051	0.552286	0.440862	0.000619	0.006119
0.148334	0.000134	0.000109	0.548987	0.442578	0.000753	0.007439
0.124265	0.022352	0.018290	0.129244	0.815017	0.001388	0.013709
0.176286	0.000635	0.000537	0.078815	0.903245	0.001552	0.015216
0.116854	0.001611	0.001414	0.044854	0.934732	0.001601	0.015789
0.165732	0.018806	0.018416	0.024445	0.921100	0.001592	0.015641
0.237151	0.000376	0.014778	0.022457	0.943407	0.002661	0.016321
0.142581	0.001351	0.044471	0.007635	0.928653	0.001645	0.016246
0.167154	0.012415	0.372687	0.002849	0.600030	0.001105	0.010914
0.228021	0.001383	0.466167	0.002271	0.518941	0.001033	0.010205
0.128443	0.497986	0.502014	0.000000	0.000000	0.000000	0.000000
0.631246	0.488016	0.511984	0.000000	0.000000	0.000000	0.000000
0.617690	0.435508	0.564492	0.000000	0.000000	0.000000	0.000000
0.695874	0.409458	0.590542	0.000000	0.000000	0.000000	0.000000
0.682097	0.000016	0.000216	0.922865	0.061943	0.011989	0.002972
0.155488	0.000005	0.000004	0.980101	0.016015	0.003100	0.000775
0.123107	0.000594	0.000486	0.975902	0.018532	0.003588	0.000897
0.187318	0.000764	0.000625	0.968361	0.024354	0.004717	0.001179
0.153749	0.549999	0.450001	0.000000	0.000000	0.000000	0.000000
0.594936	0.554858	0.445142	0.000000	0.000000	0.000000	0.000000
0.652328	0.543741	0.456259	0.000000	0.000000	0.000000	0.000000
0.722263	0.464261	0.535739	0.000000	0.000000	0.000000	0.000000
0.644228	0.000000	0.000026	0.581009	0.334984	0.068985	0.014997
0.127518	0.000001	0.000001	0.623575	0.350800	0.021048	0.004576
0.108342	0.000025	0.000021	0.607778	0.362684	0.024226	0.005267
0.128919	0.005831	0.004771	0.589528	0.364483	0.029068	0.006319
0.217377	0.549984	0.450016	0.000000	0.000000	0.000000	0.000000
0.568966	0.538754	0.461246	0.000000	0.000000	0.000000	0.000000
0.633654	0.515089	0.484911	0.000000	0.000000	0.000000	0.000000
0.631939	0.465696	0.534304	0.000000	0.000000	0.000000	0.000000
0.549953	0.000000	1.000000	0.000000	0.000000	0.000000	0.000000
0.636621	0.000000	1.000000	0.000000	0.000000	0.000000	0.000000
0.613702	0.000000	1.000000	0.000000	0.000000	0.000000	0.000000
0.551620	0.000000	1.000000	0.000000	0.000000	0.000000	0.000000
0.692629	0.000000	1.000000	0.000000	0.000000	0.000000	0.000000
0.670436	0.000000	1.000000	0.000000	0.000000	0.000000	0.000000
0.641679	0.000000	1.000000	0.000000	0.000000	0.000000	0.000000
0.574403	0.000000	1.000000	0.000000	0.000000	0.000000	0.000000
0.632876	0.000000	0.245753	0.437479	0.304615	0.000000	0.012152
0.250535	0.000037	0.000764	0.576658	0.413733	0.000000	0.008808
0.179062	0.000152	0.000125	0.570725	0.425359	0.000000	0.003638
0.162662	0.000435	0.000356	0.536782	0.458051	0.000000	0.004374
0.147986	0.027323	0.022359	0.148582	0.794147	0.000000	0.007590
0.183296	0.009319	0.007740	0.038541	0.935433	0.000013	0.008954
0.171212	0.003864	0.003649	0.021896	0.961337	0.000024	0.009230
0.163477	0.006652	0.008027	0.013807	0.961138	0.000067	0.010310
0.163911	0.000245	0.008956	0.012976	0.966556	0.000685	0.010582
0.129579	0.002344	0.039888	0.004074	0.942988	0.000265	0.010441
0.181517	0.000715	0.042020	0.002415	0.943660	0.000277	0.010914
0.112820	0.006683	0.145963	0.001394	0.835118	0.000268	0.010575
0.166779	0.498937	0.501063	0.000000	0.000001	0.000000	0.000000Q
0.561785	0.487322	0.512678	0.000000	0.000000	0.000000	0.000000U
0.627933	0.459129	0.540871	0.000000	0.000000	0.000000	0.000000
0.576371	0.352888	0.647112	0.000000	0.000000	0.000000	0.000000
0.588203	0.000000	0.273912	0.670243	0.044966	0.008703	0.002176
0.252790	0.000370	0.020976	0.952655	0.020934	0.004052	0.001013
0.172767	0.000377	0.000456	0.969474	0.023906	0.004629	0.001157
0.130656	0.005711	0.004690	0.950841	0.031203	0.006045	0.001511
0.159003	0.549993	0.450007	0.000000	0.000000	0.000000	0.000000
0.535443	0.552302	0.447698	0.000000	0.000000	0.000000	0.000000
0.584038	0.540859	0.459141	0.000000	0.000000	0.000000	0.000000
0.676305	0.507947	0.492053	0.000000	0.000000	0.000000	0.000000
0.650020	0.000000	0.690402	0.179893	0.103709	0.021354	0.004642
0.309985	0.000034	0.012518	0.614895	0.349647	0.018817	0.004091
0.143979	0.000686	0.000904	0.608777	0.362277	0.022471	0.004885
0.171010	0.001120	0.000926	0.577326	0.386140	0.028329	0.006159
0.140878	0.016736	0.013699	0.000010	0.889989	0.065358	0.014209
0.139127	0.000861	0.000746	0.000073	0.916240	0.067422	0.014658
0.126602	0.000887	0.000866	0.000086	0.915794	0.067657	0.014710
0.133867	0.000841	0.001095	0.000160	0.914935	0.068151	0.014817
0.123347	0.001777	0.006448	0.000729	0.907336	0.068760	0.014951
0.183254	0.002143	0.015163	0.000307	0.896792	0.070306	0.015289
0.155464	0.005173	0.044855	0.000330	0.861094	0.072731	0.015818
0.156247	0.007217	0.094813	0.000477	0.799717	0.080307	0.017469
0.134216	0.495432	0.504526	0.000000	0.000028	0.000011	0.000002
0.440217	0.487245	0.512755	0.000000	0.000000	0.000000	0.000000
0.698385	0.424520	0.575480	0.000000	0.000000	0.000000	0.000000
0.626391	0.385106	0.614894	0.000000	0.000000	0.000000	0.000000
0.617052	0.000000	1.000000	0.000000	0.000000	0.000000	0.000000
0.676447	0.000000	1.000000	0.000000	0.000000	0.000000	0.000000
0.689353	0.000000	1.000000	0.000000	0.000000	0.000000	0.000000
0.695878	0.000000	1.000000	0.000000	0.000000	0.000000	0.000000
0.675754	0.000000	1.000000	0.000000	0.000000	0.000000	0.000000
0.581681	0.000000	1.000000	0.000000	0.000000	0.000000	0.000000
0.684523	0.000000	1.000000	0.000000	0.000000	0.000000	0.000000
0.717715	0.000000	0.999998	0.000002	0.000000	0.000000	0.000000
0.500057	0.000000	0.958866	0.038429	0.002581	0.000000	0.000124
0.383289	0.000000	0.000012	0.934177	0.062774	0.000000	0.003037
0.122044	0.000014	0.000012	0.973665	0.025094	0.000000	0.001214I
0.126488	0.000021	0.000018	0.968040	0.030447	0.000000	0.001474
0.085820	0.549012	0.449194	0.001714	0.000076	0.000000	0.000004
0.418778	0.537528	0.462472	0.000000	0.000000	0.000000	0.000000
0.633401	0.567509	0.432491	0.000000	0.000000	0.000000	0.000000
0.665706	0.475898	0.524102	0.000000	0.000000	0.000000	0.000000
0.627304	0.000000	0.996205	0.002205	0.001271	0.000262	0.000057
0.388601	0.000007	0.453929	0.324573	0.205112	0.013454	0.002925
0.139200	0.000418	0.045726	0.551036	0.360218	0.034994	0.007608
0.163778	0.001960	0.004915	0.511527	0.430460	0.042006	0.009132
0.164760	0.488298	0.426471	0.028380	0.050076	0.005565	0.001210
0.307870	0.531169	0.468831	0.000000	0.000000	0.000000	0.000000
0.623425	0.507408	0.492592	0.000000	0.000000	0.000000	0.000000
0.589555	0.473763	0.526237	0.000000	0.000000	0.000000	0.000000
0.690715	0.000000	1.000000	0.000000	0.000000	0.000000	0.000000
0.703988	0.000000	1.000000	0.000000	0.000000	0.000000	0.000000
0.658847	0.000000	1.000000	0.000000	0.000000	0.000000	0.000000
0.615724	0.000000	1.000000	0.000000	0.000000	0.000000	0.000000
0.629394	0.000000	1.000000	0.000000	0.000000	0.000000	0.000000
0.681106	0.000000	1.000000	0.000000	0.000000	0.000000	0.000000
0.633863	0.000000	1.000000	0.000000	0.000000	0.000000	0.000000
0.557150	0.000000	1.000000	0.000000	0.000000	0.000000	0.000000
0.666365	0.000000	0.999882	0.000069	0.000048	0.000000	0.000002
0.448965	0.000000	0.000026	0.580006	0.403857	0.000000	0.016111
0.144783	0.000021	0.000017	0.587764	0.406190	0.000000	0.006008
0.142004	0.000214	0.000175	0.571028	0.421706	0.000000	0.006876
0.150966	0.122057	0.099884	0.379116	0.392540	0.000000	0.006403
0.273354	0.549595	0.450405	0.000000	0.000000	0.000000	0.000000
0.670873	0.553787	0.446213	0.000000	0.000000	0.000000	0.000000
0.666779	0.534548	0.465452	0.000000	0.000000	0.000000	0.000000
0.661613	0.451847	0.548135	0.000010	0.000006	0.000001	0.000000
0.455807	0.000000	0.000629	0.580663	0.334788	0.068935	0.014986
0.153263	0.000009	0.000008	0.617954	0.351349	0.025201	0.005479
0.116626	0.000323	0.000264	0.597208	0.367087	0.028846	0.006271
0.157010	0.000399	0.000327	0.516144	0.440931	0.034664	0.007536
0.124230	0.042356	0.034661	0.000004	0.830221	0.076193	0.016565
0.168154	0.005483	0.004725	0.000200	0.889974	0.081828	0.017789
0.164037	0.017702	0.016983	0.000390	0.867487	0.080037	0.017401
0.191679	0.029361	0.036198	0.002317	0.837299	0.077890	0.016935
0.163669	0.000760	0.099473	0.025135	0.783025	0.075245	0.016361
0.168605	0.004551	0.453603	0.005978	0.479470	0.046324	0.010074
0.204061	0.002812	0.857596	0.001666	0.122703	0.012503	0.002719
0.202945	0.001352	0.992737	0.000233	0.004850	0.000680	0.000148
0.251993	0.095628	0.904372	0.000000	0.000000	0.000000	0.000000
0.597034	0.465060	0.534940	0.000000	0.000000	0.000000	0.000000C
0.629400	0.460359	0.539641	0.000000	0.000000	0.000000	0.000000
0.614187	0.398077	0.601923	0.000000	0.000000	0.000000	0.000000
0.576615	0.000000	1.000000	0.000000	0.000000	0.000000	0.000000
0.637032	0.000000	1.000000	0.000000	0.000000	0.000000	0.000000
0.641534	0.000000	1.000000	0.000000	0.000000	0.000000	0.000000
0.571020	0.000000	1.000000	0.000000	0.000000	0.000000	0.000000
0.624803	0.000000	1.000000	0.000000	0.000000	0.000000	0.000000
0.627797	0.000000	1.000000	0.000000	0.000000	0.000000	0.000000
0.532429	0.000000	1.000000	0.000000	0.000000	0.000000	0.000000
0.632152	0.000000	1.000000	0.000000	0.000000	0.000000	0.000000
0.548488	0.000000	0.000730	0.933774	0.062724	0.000000	0.002772
0.162079	0.000155	0.000126	0.971551	0.026867	0.000000	0.001300
0.171478	0.000224	0.000184	0.967401	0.030704	0.000000	0.001486
0.135873	0.018554	0.015184	0.920958	0.043211	0.000000	0.002093
0.203236	0.549992	0.450008	0.000000	0.000000	0.000000	0.000000
0.679984	0.550637	0.449363	0.000000	0.000000	0.000000	0.000000
0.708445	0.536107	0.463893	0.000000	0.000000	0.000000	0.000000
0.677862	0.437838	0.562162	0.000000	0.000000	0.000000	0.000000
0.699147	0.000000	0.000007	0.581061	0.334975	0.068965	0.014992
0.118966	0.000001	0.000001	0.614356	0.354337	0.025716	0.005590
0.111189	0.000072	0.000059	0.598875	0.364967	0.029593	0.006433
0.159634	0.000452	0.000370	0.557797	0.396654	0.036740	0.007987
0.158740	0.549983	0.450017	0.000000	0.000000	0.000000	0.000000
0.659108	0.551275	0.448725	0.000000	0.000000	0.000000	0.000000
0.602188	0.539211	0.460789	0.000000	0.000000	0.000000	0.000000
0.692222	0.503029	0.496971	0.000000	0.000000	0.000000	0.000000
0.661208	0.000000	1.000000	0.000000	0.000000	0.000000	0.000000
0.736040	0.000000	1.000000	0.000000	0.000000	0.000000	0.000000
0.760345	0.000000	1.000000	0.000000	0.000000	0.000000	0.000000
0.692773	0.000000	1.000000	0.000000	0.000000	0.000000	0.000000
0.611826	0.000000	1.000000	0.000000	0.000000	0.000000	0.000000
0.751838	0.000000	1.000000	0.000000	0.000000	0.000000	0.000000
0.635145	0.000000	1.000000	0.000000	0.000000	0.000000	0.000000
0.677615	0.000000	1.000000	0.000000	0.000000	0.000000	0.000000
0.623714	0.000000	0.000000	0.580021	0.403867	0.000000	0.016112
0.119583	0.000008	0.000007	0.573461	0.420550	0.000000	0.005973
0.172299	0.000011	0.000009	0.544225	0.448756	0.000000	0.006999
0.130123	0.000309	0.000253	0.505930	0.484735	0.000000	0.008774
0.158606	0.003713	0.003039	0.000003	0.975569	0.000000	0.017675
0.151498	0.000061	0.000053	0.000021	0.982034	0.000002	0.017828
0.106918	0.000186	0.000183	0.000012	0.981723	0.000000	0.017895
0.174463	0.000371	0.000442	0.000025	0.981126	0.000002	0.018034
0.167282	0.000543	0.001613	0.000208	0.979301	0.000024	0.018312
0.176313	0.000475	0.002303	0.000084	0.978181	0.000010	0.018947
0.139043	0.002749	0.009062	0.000082	0.967865	0.000011	0.020232
0.165009	0.002421	0.013107	0.000121	0.960365	0.000013	0.023973
0.123108	0.166950	0.268147	0.000323	0.498384	0.000035	0.066161
0.164825	0.191583	0.659414	0.012143	0.003291	0.000156	0.133414
0.141968	0.118980	0.718810	0.031018	0.013132	0.000237	0.117823
0.118128	0.060731	0.828129	0.035194	0.019389	0.000137	0.056420
0.150986	0.000384	0.182334	0.463998	0.304488	0.000407	0.048389
0.138608	0.021690	0.358072	0.354540	0.233837	0.000136	0.031726
0.137166	0.042454	0.761547	0.106427	0.077664	0.000056	0.011853
0.192469	0.020650	0.916674	0.032502	0.025067	0.000045	0.005062
0.153101	0.015881	0.975674	0.003365	0.003939	0.000034	0.001106
0.183450	0.000018	0.986468	0.010534	0.002456	0.000177	0.000348
0.166636	0.000052	0.958811	0.037870	0.003037	0.000038	0.000192
0.127472	0.000246	0.976002	0.022175	0.001505	0.000006	0.000067
0.213376	0.000373	0.416053	0.545185	0.036629	0.000003	0.001758
0.170213	0.013449	0.010838	0.925810	0.047596	0.000004	0.002303
0.111228	0.092912	0.076242	0.814482	0.015600	0.000009	0.000755
0.153807	0.302063	0.233542	0.453168	0.010628	0.000088	0.000511
0.189414	0.472338	0.395498	0.124709	0.006720	0.000420	0.000315
0.183289	0.480202	0.485472	0.018780	0.012724	0.002249	0.000573
0.175041	0.272630	0.563529	0.095161	0.054919	0.011304	0.002458
0.142356	0.139479	0.710951	0.090464	0.047947	0.009166	0.001993
0.140546	0.040352	0.891167	0.042870	0.020867	0.003897	0.000847
0.169630	0.000135	0.983273	0.009624	0.005728	0.001015	0.000225
0.162538	0.000127	0.996252	0.002105	0.001419	0.000065	0.000032
0.189328	0.000079	0.979936	0.011616	0.008082	0.000043	0.000244
0.117118	0.000087	0.973324	0.015415	0.010755	0.000017	0.000403
0.151458	0.000066	0.900149	0.057866	0.040311	0.000006	0.001602
0.175833	0.000784	0.754755	0.141674	0.098842	0.000002	0.003943
0.187971	0.005280	0.448122	0.319274	0.219133	0.000001	0.008190
0.178797	0.560218	0.439199	0.000342	0.000234	0.000000	0.000007
0.616691	0.544024	0.455976	0.000000	0.000000	0.000000	0.000000
0.725605	0.507526	0.492474	0.000000	0.000000	0.000000	0.000000
0.623626	0.429615	0.570385	0.000000	0.000000	0.000000	0.000000
0.672487	0.000000	1.000000	0.000000	0.000000	0.000000	0.000000
0.619731	0.000000	1.000000	0.000000	0.000000	0.000000	0.000000
0.660146	0.000000	1.000000	0.000000	0.000000	0.000000	0.000000
0.679782	0.000000	1.000000	0.000000	0.000000	0.000000	0.000000
0.711556	0.000000	1.000000	0.000000	0.000000	0.000000	0.000000
0.711739	0.000000	1.000000	0.000000	0.000000	0.000000	0.000000
0.669632	0.000000	1.000000	0.000000	0.000000	0.000000	0.000000
0.724076	0.000000	1.000000	0.000000	0.000000	0.000000	0.000000
0.642590	0.000000	0.000033	0.580002	0.403853	0.000000	0.016111
0.173237	0.000021	0.000017	0.588258	0.405101	0.000000	0.006602
0.161346	0.000158	0.000129	0.577426	0.414529	0.000000	0.007759
0.158703	0.008533	0.006983	0.457593	0.517205	0.000000	0.009685
0.212720	0.549955	0.450045	0.000000	0.000000	0.000000	0.000000
0.692279	0.551721	0.448279	0.000000	0.000000	0.000000	0.000000
0.624405	0.539921	0.460079	0.000000	0.000000	0.000000	0.000000
0.707587	0.429443	0.570557	0.000000	0.000000	0.000000	0.000000
0.601075	0.000039	0.000377	0.580843	0.334835	0.068922	0.014983
0.170892	0.000043	0.000038	0.598389	0.363226	0.031463	0.006840
0.176773	0.000043	0.000035	0.594301	0.360455	0.037100	0.008065
0.130254	0.000483	0.000395	0.486428	0.455582	0.046913	0.010199
0.144952	0.549969	0.450031	0.000000	0.000000	0.000000	0.000000K
0.607109	0.537183	0.462817	0.000000	0.000000	0.000000	0.000000
0.644169	0.537370	0.462630	0.000000	0.000000	0.000000	0.000000
0.633228	0.429359	0.570641	0.000000	0.000000	0.000000	0.000000
0.641745	0.002822	0.026230	0.564203	0.325243	0.066947	0.014554
0.236486	0.000088	0.000253	0.598025	0.362977	0.031754	0.006903
0.174291	0.000185	0.000156	0.594048	0.360409	0.037129	0.008072
0.154203	0.004981	0.004077	0.482418	0.451831	0.046569	0.010124
0.194109	0.549959	0.450041	0.000000	0.000000	0.000000	0.000000
0.623305	0.537183	0.462817	0.000000	0.000000	0.000000	0.000000
0.595806	0.537370	0.462630	0.000000	0.000000	0.000000	0.000000
0.591490	0.429359	0.570641	0.000000	0.000000	0.000000	0.000000
0.702909	0.001821	0.016922	0.570194	0.328697	0.067658	0.014708
0.225633	0.000064	0.000148	0.598115	0.363046	0.031729	0.006898
0.166605	0.002730	0.002275	0.591276	0.358728	0.036956	0.008034
0.213740	0.000564	0.000464	0.486331	0.455488	0.046947	0.010206
0.133439	0.013301	0.010889	0.116564	0.763369	0.078755	0.017121
0.158288	0.004253	0.003618	0.070408	0.818681	0.084640	0.018401
0.161412	0.006297	0.005960	0.040876	0.840612	0.087278	0.018976
0.165233	0.009032	0.011703	0.024019	0.847172	0.088772	0.019301
0.159831	0.002849	0.053461	0.019934	0.817123	0.087588	0.019045
0.187926	0.001349	0.080294	0.007423	0.802472	0.089089	0.019374
0.132892	0.003607	0.177269	0.004203	0.709954	0.086215	0.018752
0.147109	0.007595	0.386787	0.002913	0.508185	0.077631	0.016889
0.147929	0.492404	0.507594	0.000000	0.000001	0.000001	0.000000
0.500459	0.487241	0.512759	0.000000	0.000000	0.000000	0.000000*
0.630582	0.458284	0.541716	0.000000	0.000000	0.000000	0.000000
0.616697	0.336891	0.663109	0.000000	0.000000	0.000000	0.000000
0.665729	0.039416	0.475677	0.447649	0.030000	0.005807	0.001452
0.268572	0.004914	0.086497	0.872930	0.028712	0.005558	0.001389
0.203978	0.001958	0.004930	0.951278	0.033683	0.006521	0.001630
0.176557	0.005541	0.005127	0.933561	0.044900	0.008697	0.002174
0.163052	0.549970	0.450025	0.000003	0.000001	0.000000	0.000000
0.468581	0.537245	0.462755	0.000000	0.000000	0.000000	0.000000
0.628938	0.507993	0.492007	0.000000	0.000000	0.000000	0.000000
0.639520	0.460517	0.539483	0.000000	0.000000	0.000000	0.000000
0.548886	0.097146	0.902854	0.000000	0.000000	0.000000	0.000000
0.632146	0.057053	0.942947	0.000000	0.000000	0.000000	0.000000
0.651161	0.032972	0.967028	0.000000	0.000000	0.000000	0.000000
0.666704	0.018936	0.981064	0.000000	0.000000	0.000000	0.000000
0.723059	0.010910	0.989090	0.000000	0.000000	0.000000	0.000000
0.661701	0.006396	0.993604	0.000000	0.000000	0.000000	0.000000
0.667185	0.003930	0.996070	0.000000	0.000000	0.000000	0.000000
0.659078	0.002768	0.997232	0.000000	0.000000	0.000000	0.000000
0.610837	0.010508	0.895398	0.054577	0.037996	0.000006	0.001516
0.384749	0.000271	0.020371	0.574148	0.388915	0.000762	0.015533
0.223143	0.000068	0.000106	0.571806	0.417920	0.000502	0.009597
0.170399	0.000149	0.000122	0.580573	0.407740	0.000568	0.010848
0.141481	0.548295	0.448638	0.001424	0.001598	0.000002	0.000043
0.416570	0.537861	0.462139	0.000000	0.000000	0.000000	0.000000
0.604279	0.547872	0.452128	0.000000	0.000000	0.000000	0.000000
0.671273	0.431140	0.568860	0.000000	0.000000	0.000000	0.000000
0.675355	0.222908	0.776927	0.000096	0.000055	0.000011	0.000002
0.428787	0.002482	0.015383	0.570884	0.329987	0.066759	0.014506
0.149783	0.000127	0.000239	0.590683	0.357659	0.042133	0.009159
0.146764	0.003344	0.002769	0.592017	0.344299	0.047291	0.010281
0.188354	0.005565	0.004574	0.474672	0.441354	0.060650	0.013185
0.160805	0.008635	0.007098	0.254535	0.625066	0.085975	0.018691
0.127789	0.003951	0.003293	0.162775	0.710738	0.097949	0.021295
0.127198	0.014946	0.012447	0.096744	0.749582	0.103728	0.022552
0.179723	0.005022	0.004271	0.058370	0.796896	0.111252	0.024189
0.124779	0.013529	0.012514	0.033678	0.801464	0.114022	0.024794
0.166796	0.022371	0.027109	0.020552	0.787694	0.116860	0.025414
0.160217	0.027199	0.053979	0.015825	0.752984	0.123213	0.026801
0.142428	0.485592	0.513824	0.000009	0.000456	0.000098	0.000021
0.434475	0.487495	0.512505	0.000000	0.000000	0.000000	0.000000R
0.713438	0.458800	0.541200	0.000000	0.000000	0.000000	0.000000
0.701179	0.382567	0.617433	0.000000	0.000000	0.000000	0.000000
0.640908	0.139813	0.860187	0.000000	0.000000	0.000000	0.000000
0.694046	0.083751	0.916249	0.000000	0.000000	0.000000	0.000000
0.534079	0.048997	0.951003	0.000000	0.000000	0.000000	0.000000
0.700785	0.028352	0.971648	0.000000	0.000000	0.000000	0.000000
0.629306	0.016421	0.983579	0.000000	0.000000	0.000000	0.000000
0.658514	0.009677	0.990323	0.000000	0.000000	0.000000	0.000000
0.644653	0.006000	0.994000	0.000000	0.000000	0.000000	0.000000
0.695285	0.004350	0.995650	0.000000	0.000000	0.000000	0.000000
0.647051	0.009997	0.988841	0.001086	0.000073	0.000000	0.000004
0.447127	0.000002	0.000235	0.933900	0.062710	0.000121	0.003033
0.152806	0.000269	0.000222	0.958906	0.038657	0.000075	0.001871
0.196377	0.000585	0.000479	0.953688	0.043078	0.000084	0.002085
0.170269	0.416575	0.340968	0.227661	0.014086	0.000028	0.000682
0.310554	0.545324	0.454676	0.000000	0.000000	0.000000	0.000000
0.677052	0.533270	0.466730	0.000000	0.000000	0.000000	0.000000
0.586020	0.489008	0.510992	0.000000	0.000000	0.000000	0.000000
0.617343	0.388050	0.611950	0.000000	0.000000	0.000000	0.000000
0.664619	0.147541	0.852459	0.000000	0.000000	0.000000	0.000000
0.667107	0.056190	0.943810	0.000000	0.000000	0.000000	0.000000
0.633078	0.034225	0.965775	0.000000	0.000000	0.000000	0.000000
0.662119	0.020620	0.979380	0.000000	0.000000	0.000000	0.000000
0.669130	0.012138	0.987862	0.000000	0.000000	0.000000	0.000000
0.646058	0.007599	0.992401	0.000000	0.000000	0.000000	0.000000
0.697838	0.005410	0.994590	0.000000	0.000000	0.000000	0.000000
0.625788	0.004027	0.995973	0.000000	0.000000	0.000000	0.000000
0.554211	0.000000	0.000062	0.579987	0.403725	0.000117	0.016109
0.164187	0.000006	0.000005	0.572612	0.419845	0.000087	0.007445
0.141167	0.000209	0.000171	0.572047	0.419113	0.000098	0.008363
0.169848	0.090151	0.073783	0.388167	0.439032	0.000103	0.008765
0.272837	0.553428	0.446572	0.000000	0.000000	0.000000	0.000000
0.617268	0.548129	0.451871	0.000000	0.000000	0.000000	0.000000
0.661637	0.507993	0.492007	0.000000	0.000000	0.000000	0.000000
0.619561	0.460517	0.539483	0.000000	0.000000	0.000000	0.000000
0.537031	0.097146	0.902854	0.000000	0.000000	0.000000	0.000000
0.676526	0.057053	0.942947	0.000000	0.000000	0.000000	0.000000
0.609961	0.032972	0.967028	0.000000	0.000000	0.000000	0.000000
0.700344	0.018936	0.981064	0.000000	0.000000	0.000000	0.000000
0.672567	0.010910	0.989090	0.000000	0.000000	0.000000	0.000000
0.725844	0.006396	0.993604	0.000000	0.000000	0.000000	0.000000
0.618327	0.003930	0.996070	0.000000	0.000000	0.000000	0.000000
0.616616	0.002768	0.997231	0.000000	0.000000	0.000000	0.000000
0.526020	0.000000	0.000031	0.580004	0.403794	0.000060	0.016110
0.169650	0.000018	0.000015	0.585800	0.406894	0.000058	0.007215
0.157427	0.000050	0.000041	0.572230	0.419248	0.000067	0.008366
0.131415	0.000265	0.000217	0.464072	0.524884	0.000084	0.010478
0.126256	0.007925	0.006486	0.108689	0.859586	0.000137	0.017177
0.152926	0.000850	0.000721	0.065116	0.914839	0.000155	0.018320
0.125953	0.000575	0.000527	0.037786	0.942013	0.000156	0.018944
0.121104	0.004846	0.004943	0.021589	0.949203	0.000160	0.019258
0.200618	0.001068	0.006187	0.013834	0.958750	0.000325	0.019836
0.158250	0.004841	0.028277	0.007130	0.939383	0.000162	0.020207
0.182418	0.003330	0.053048	0.004366	0.917490	0.000173	0.021594
0.140182	0.103150	0.530546	0.001317	0.354400	0.000084	0.010502
0.246336	0.497598	0.502402	0.000000	0.000000	0.000000	0.000000
0.577212	0.487241	0.512759	0.000000	0.000000	0.000000	0.000000O
0.688070	0.458284	0.541716	0.000000	0.000000	0.000000	0.000000
0.652873	0.336891	0.663109	0.000000	0.000000	0.000000	0.000000
0.567043	0.000095	0.001149	0.922015	0.061791	0.011960	0.002990
0.150014	0.000065	0.000058	0.962304	0.030254	0.005856	0.001464
0.151919	0.000120	0.000098	0.957743	0.033847	0.006553	0.001638
0.119837	0.003524	0.002884	0.937590	0.045086	0.008733	0.002183
0.159885	0.549998	0.450002	0.000000	0.000000	0.000000	0.000000
0.756972	0.537245	0.462755	0.000000	0.000000	0.000000	0.000000
0.686518	0.507993	0.492007	0.000000	0.000000	0.000000	0.000000
0.613191	0.460517	0.539483	0.000000	0.000000	0.000000	0.000000
0.695308	0.097146	0.902854	0.000000	0.000000	0.000000	0.000000
0.600044	0.057053	0.942947	0.000000	0.000000	0.000000	0.000000
0.661796	0.032972	0.967028	0.000000	0.000000	0.000000	0.000000
0.638067	0.018936	0.981064	0.000000	0.000000	0.000000	0.000000
0.624897	0.010910	0.989090	0.000000	0.000000	0.000000	0.000000
0.654772	0.006396	0.993604	0.000000	0.000000	0.000000	0.000000
0.686090	0.003930	0.996070	0.000000	0.000000	0.000000	0.000000
0.650322	0.002768	0.997232	0.000000	0.000000	0.000000	0.000000
0.729119	0.000000	0.000001	0.580022	0.403807	0.000060	0.016111
0.131295	0.000012	0.000010	0.585806	0.406899	0.000058	0.007215
0.172997	0.000010	0.000008	0.572271	0.419278	0.000067	0.008366
0.119839	0.000971	0.000795	0.463476	0.524210	0.000084	0.010465
0.179666	0.549962	0.450038	0.000000	0.000000	0.000000	0.000000
0.694663	0.537183	0.462817	0.000000	0.000000	0.000000	0.000000
0.567853	0.537370	0.462630	0.000000	0.000000	0.000000	0.000000
0.678051	0.429359	0.570641	0.000000	0.000000	0.000000	0.000000
0.696548	0.097146	0.902854	0.000000	0.000000	0.000000	0.000000
0.687686	0.057053	0.942947	0.000000	0.000000	0.000000	0.000000
0.683105	0.032972	0.967028	0.000000	0.000000	0.000000	0.000000
0.650059	0.018936	0.981064	0.000000	0.000000	0.000000	0.000000
0.641730	0.010910	0.989090	0.000000	0.000000	0.000000	0.000000
0.633886	0.006396	0.993604	0.000000	0.000000	0.000000	0.000000
0.660851	0.003930	0.996070	0.000000	0.000000	0.000000	0.000000
0.560226	0.002768	0.997232	0.000000	0.000000	0.000000	0.000000
0.758607	0.000000	0.000003	0.580021	0.403806	0.000060	0.016111
0.152983	0.000056	0.000046	0.585760	0.406867	0.000058	0.007215
0.199105	0.000051	0.000042	0.572228	0.419246	0.000067	0.008366
0.152410	0.001063	0.000870	0.463398	0.524122	0.000084	0.010463
0.178942	0.004615	0.003780	0.109360	0.864825	0.000139	0.017282
0.155558	0.001052	0.000890	0.065065	0.914529	0.000151	0.018313
0.155456	0.001856	0.001700	0.037696	0.939694	0.000156	0.018897
0.172443	0.004083	0.004921	0.021722	0.949827	0.000174	0.019272
0.184850	0.004357	0.035733	0.014577	0.925704	0.000460	0.019169
0.213612	0.003355	0.111321	0.006577	0.860095	0.000150	0.018501
0.176576	0.005362	0.306216	0.003404	0.669138	0.000133	0.015746
0.169836	0.008600	0.682292	0.002030	0.298165	0.000091	0.008822
0.176887	0.499668	0.500332	0.000000	0.000000	0.000000	0.000000
0.653679	0.506329	0.493671	0.000000	0.000000	0.000000	0.000000W
0.597199	0.458284	0.541716	0.000000	0.000000	0.000000	0.000000
0.639332	0.336891	0.663109	0.000000	0.000000	0.000000	0.000000
0.684009	0.076521	0.923478	0.000000	0.000000	0.000000	0.000000
0.666457	0.044523	0.955477	0.000000	0.000000	0.000000	0.000000
0.569808	0.025589	0.974412	0.000000	0.000000	0.000000	0.000000
0.615649	0.014648	0.985352	0.000000	0.000000	0.000000	0.000000
0.621871	0.008424	0.991576	0.000000	0.000000	0.000000	0.000000
0.644886	0.004931	0.995069	0.000000	0.000000	0.000000	0.000000
0.681748	0.003021	0.996979	0.000000	0.000000	0.000000	0.000000
0.669677	0.002103	0.997897	0.000000	0.000000	0.000000	0.000000
0.709161	0.000000	0.000036	0.934193	0.062752	0.000010	0.003009
0.169218	0.000023	0.000019	0.972893	0.025805	0.000011	0.001249
0.165322	0.000066	0.000054	0.967598	0.030779	0.000013	0.001490
0.139257	0.001348	0.001103	0.954332	0.041203	0.000017	0.001995
0.162438	0.549997	0.450003	0.000000	0.000000	0.000000	0.000000
0.615437	0.537237	0.462763	0.000000	0.000000	0.000000	0.000000
0.633745	0.508008	0.491992	0.000000	0.000000	0.000000	0.000000
0.677880	0.467977	0.532023	0.000000	0.000000	0.000000	0.000000
0.618929	0.000015	0.000141	0.580995	0.334922	0.068940	0.014987
0.144396	0.000025	0.000021	0.598883	0.363535	0.030833	0.006703
0.157547	0.000308	0.000252	0.595531	0.359504	0.036475	0.007930
0.168790	0.000920	0.000754	0.486475	0.455555	0.046243	0.010053
0.153758	0.051871	0.042470	0.106903	0.710829	0.072226	0.015702
0.200680	0.005509	0.004730	0.069685	0.818580	0.083371	0.018124
0.144316	0.002579	0.002479	0.040773	0.848527	0.086776	0.018866
0.119834	0.009345	0.011586	0.023285	0.849130	0.087606	0.019048
0.187002	0.001368	0.030916	0.019551	0.840216	0.088669	0.019280
0.168298	0.003971	0.122991	0.006929	0.764366	0.083569	0.018173
0.180299	0.001654	0.146830	0.004447	0.739439	0.088402	0.019228
0.115961	0.017879	0.549060	0.001937	0.364432	0.054776	0.011916
0.192949	0.024367	0.921013	0.002911	0.022656	0.023835	0.005218
0.172120	0.002667	0.963891	0.009394	0.011367	0.010234	0.002446
0.149681	0.002094	0.974016	0.011835	0.008921	0.002324	0.000810
0.181763	0.001486	0.884987	0.065568	0.044724	0.001252	0.001984
0.137069	0.000676	0.000553	0.582390	0.399622	0.000816	0.015943
0.090494	0.032296	0.026444	0.564894	0.368166	0.000855	0.007345
0.135319	0.080991	0.066889	0.487216	0.356932	0.000848	0.007124
0.141729	0.194103	0.164743	0.317715	0.316241	0.000869	0.006329
0.149102	0.412191	0.364156	0.028670	0.190094	0.001023	0.003866
0.145688	0.427348	0.474495	0.020396	0.074038	0.002021	0.001702
0.194078	0.342483	0.543247	0.055315	0.050223	0.006575	0.002156
0.128031	0.234708	0.688285	0.042285	0.028448	0.005031	0.001242
0.170162	0.032534	0.850050	0.067592	0.040074	0.007980	0.001769
0.155321	0.021020	0.968137	0.006234	0.003798	0.000662	0.000150
0.182338	0.012774	0.978934	0.004759	0.003125	0.000304	0.000105
0.167710	0.008115	0.981783	0.005829	0.003999	0.000135	0.000140
0.174517	0.004838	0.973511	0.012554	0.008688	0.000080	0.000328
0.170659	0.003154	0.811109	0.107701	0.074976	0.000084	0.002975
0.141008	0.004607	0.807248	0.111997	0.073173	0.000055	0.002920
0.160382	0.006044	0.800655	0.118467	0.071929	0.000035	0.002870
0.176876	0.005790	0.190740	0.468145	0.322918	0.000054	0.012353
0.146172	0.033901	0.441582	0.305717	0.214446	0.000088	0.004265
0.169926	0.050905	0.675520	0.156806	0.114163	0.000024	0.002582
0.194799	0.045132	0.793832	0.087945	0.071200	0.000036	0.001855
0.197678	0.026760	0.537599	0.251665	0.177322	0.000418	0.006236
0.095523	0.014004	0.736885	0.147492	0.097849	0.000829	0.002941
0.190887	0.011004	0.657505	0.193632	0.133335	0.000239	0.004285
0.134517	0.018632	0.702234	0.162783	0.112722	0.000144	0.003485
0.158977	0.126710	0.873187	0.000060	0.000041	0.000000	0.000001
0.593011	0.529713	0.470287	0.000000	0.000000	0.000000	0.000000
0.667971	0.510008	0.489992	0.000000	0.000000	0.000000	0.000000
0.622755	0.431140	0.568860	0.000000	0.000000	0.000000	0.000000
0.616952	0.072883	0.254029	0.391110	0.225507	0.046387	0.010084
0.209966	0.015465	0.087137	0.555793	0.304601	0.030397	0.006608
0.176697	0.003936	0.012025	0.585027	0.358534	0.033249	0.007228
0.147630	0.005710	0.006490	0.484423	0.452652	0.041667	0.009058
0.128977	0.549424	0.450570	0.000001	0.000004	0.000000	0.000000
0.499665	0.537183	0.462817	0.000000	0.000000	0.000000	0.000000
0.625166	0.537371	0.462630	0.000000	0.000000	0.000000	0.000000
0.668357	0.429359	0.570641	0.000000	0.000000	0.000000	0.000000
0.716723	0.010397	0.096626	0.518896	0.299125	0.061571	0.013385
0.247505	0.003275	0.032602	0.586586	0.339338	0.031378	0.006821
0.224256	0.000143	0.000275	0.593989	0.360361	0.037155	0.008077
0.129346	0.001111	0.000915	0.485841	0.455037	0.046899	0.010196
0.141071	0.549944	0.450029	0.000003	0.000021	0.000002	0.000000
0.472545	0.537183	0.462817	0.000000	0.000000	0.000000	0.000000
0.622499	0.537370	0.462630	0.000000	0.000000	0.000000	0.000000
0.652303	0.429359	0.570641	0.000000	0.000000	0.000000	0.000000
0.714590	0.097146	0.902854	0.000000	0.000000	0.000000	0.000000
0.615902	0.057053	0.942947	0.000000	0.000000	0.000000	0.000000
0.618214	0.032972	0.967028	0.000000	0.000000	0.000000	0.000000
0.665050	0.018936	0.981064	0.000000	0.000000	0.000000	0.000000
0.653493	0.010910	0.989090	0.000000	0.000000	0.000000	0.000000
0.625921	0.006396	0.993604	0.000000	0.000000	0.000000	0.000000
0.695883	0.003930	0.996070	0.000000	0.000000	0.000000	0.000000
0.693476	0.002768	0.997232	0.000000	0.000000	0.000000	0.000000
0.582478	0.003255	0.277369	0.417254	0.290489	0.000043	0.011590
0.332615	0.000002	0.000015	0.574267	0.416119	0.000231	0.009366
0.114872	0.000176	0.000144	0.590340	0.402379	0.000125	0.006837
0.167026	0.002875	0.002353	0.476639	0.509317	0.000158	0.008657
0.191653	0.546481	0.447402	0.001330	0.004691	0.000002	0.000094
0.372897	0.549100	0.450900	0.000000	0.000000	0.000000	0.000000
0.586551	0.537370	0.462630	0.000000	0.000000	0.000000	0.000000
0.641390	0.429359	0.570641	0.000000	0.000000	0.000000	0.000000
0.583227	0.097021	0.901691	0.000748	0.000431	0.000089	0.000019
0.393569	0.000918	0.015168	0.572878	0.331510	0.065326	0.014201
0.103257	0.001309	0.002521	0.588643	0.356436	0.041967	0.009123
0.182420	0.003301	0.003008	0.591899	0.344231	0.047281	0.010279
0.168056	0.007076	0.005810	0.473355	0.440130	0.060481	0.013148
0.148999	0.024891	0.020451	0.246890	0.606253	0.083388	0.018128
0.142586	0.036241	0.030344	0.153146	0.668162	0.092087	0.020020
0.178933	0.052953	0.049551	0.090077	0.690968	0.095655	0.020797
0.175223	0.155711	0.201154	0.042015	0.513612	0.071879	0.015629
0.203156	0.005618	0.542323	0.080650	0.313947	0.047199	0.010263
0.191693	0.005781	0.939031	0.004594	0.043282	0.006005	0.001306
0.224355	0.002370	0.985901	0.001449	0.008633	0.001353	0.000294
0.184454	0.003349	0.996595	0.000019	0.000032	0.000004	0.000001
0.369240	0.299098	0.700902	0.000000	0.000000	0.000000	0.000000
0.718432	0.957476	0.042524	0.000000	0.000000	0.000000	0.000000
0.618952	0.998996	0.001004	0.000000	0.000000	0.000000	0.000000
0.657067	0.999881	0.000119	0.000000	0.000000	0.000000	0.000000
0.617563	1.000000	0.000000	0.000000	0.000000	0.000000	0.000000
0.635772	1.000000	0.000000	0.000000	0.000000	0.000000	0.000000
0.753132	1.000000	0.000000	0.000000	0.000000	0.000000	0.000000
0.678455	1.000000	0.000000	0.000000	0.000000	0.000000	0.000000
0.666316	1.000000	0.000000	0.000000	0.000000	0.000000	0.000000
0.643915	1.000000	0.000000	0.000000	0.000000	0.000000	0.000000
0.655200	1.000000	0.000000	0.000000	0.000000	0.000000	0.000000
0.643610	0.988493	0.000000	0.010621	0.000713	0.000138	0.000035N
0.380084	0.000420	0.000000	0.923065	0.061609	0.011924	0.002981
0.156487	0.000024	0.000019	0.952275	0.038392	0.007431	0.001858
0.140178	0.000357	0.000292	0.946265	0.042742	0.008275	0.002069
0.153194	0.428911	0.351010	0.204372	0.012645	0.002449	0.000612
0.310446	0.543219	0.456781	0.000000	0.000000	0.000000	0.000000
0.616445	0.530089	0.469911	0.000000	0.000000	0.000000	0.000000
0.623988	0.488471	0.511529	0.000000	0.000000	0.000000	0.000000
0.618726	0.373111	0.626889	0.000000	0.000000	0.000000	0.000000
0.652027	0.146905	0.853095	0.000000	0.000000	0.000000	0.000000
0.674550	0.060813	0.939187	0.000000	0.000000	0.000000	0.000000
0.733141	0.037317	0.962683	0.000000	0.000000	0.000000	0.000000
0.682995	0.021265	0.978735	0.000000	0.000000	0.000000	0.000000
0.624490	0.013158	0.986842	0.000000	0.000000	0.000000	0.000000
0.716886	0.008479	0.991521	0.000000	0.000000	0.000000	0.000000
0.603657	0.005610	0.994390	0.000000	0.000000	0.000000	0.000000
0.717568	0.004025	0.995877	0.000057	0.000040	0.000000	0.000002
0.449917	0.000015	0.002397	0.578624	0.402777	0.000116	0.016071
0.225746	0.000006	0.000005	0.572617	0.419834	0.000088	0.007451
0.139379	0.000415	0.000339	0.571832	0.418956	0.000098	0.008360
0.184017	0.046422	0.038005	0.425080	0.480781	0.000113	0.009598
0.255375	0.549930	0.450070	0.000000	0.000000	0.000000	0.000000
0.760162	0.549266	0.450734	0.000000	0.000000	0.000000	0.000000
0.676400	0.537370	0.462630	0.000000	0.000000	0.000000	0.000000
0.616528	0.429359	0.570641	0.000000	0.000000	0.000000	0.000000
0.678668	0.097146	0.902854	0.000000	0.000000	0.000000	0.000000
0.676526	0.057053	0.942947	0.000000	0.000000	0.000000	0.000000
0.650668	0.032972	0.967028	0.000000	0.000000	0.000000	0.000000
0.703685	0.018936	0.981064	0.000000	0.000000	0.000000	0.000000
0.697103	0.010910	0.989090	0.000000	0.000000	0.000000	0.000000
0.599564	0.006396	0.993604	0.000000	0.000000	0.000000	0.000000
0.674667	0.003930	0.996070	0.000000	0.000000	0.000000	0.000000
0.642989	0.002768	0.997231	0.000000	0.000000	0.000000	0.000000
0.531462	0.000004	0.000320	0.579835	0.403676	0.000060	0.016106
0.223173	0.000043	0.000036	0.585771	0.406875	0.000058	0.007217
0.188691	0.000052	0.000043	0.572227	0.419246	0.000067	0.008366
0.146817	0.000264	0.000216	0.464073	0.524885	0.000084	0.010478
0.139901	0.012972	0.010618	0.107677	0.851581	0.000136	0.017017
0.177733	0.004222	0.003597	0.064749	0.909069	0.000159	0.018205
0.177248	0.003437	0.003282	0.037734	0.936536	0.000175	0.018836
0.155013	0.008695	0.011089	0.021780	0.939167	0.000209	0.019061
0.183651	0.001273	0.032494	0.018723	0.927298	0.000953	0.019260
0.174424	0.000976	0.050584	0.007026	0.921227	0.000370	0.019816
0.138420	0.002849	0.113733	0.004132	0.858699	0.000378	0.020209
0.148965	0.028839	0.582316	0.001564	0.375937	0.000208	0.011137
0.213785	0.499004	0.500996	0.000000	0.000000	0.000000	0.000000
0.586578	0.487241	0.512759	0.000000	0.000000	0.000000	0.000000W
0.614241	0.458284	0.541716	0.000000	0.000000	0.000000	0.000000
0.667808	0.336891	0.663109	0.000000	0.000000	0.000000	0.000000
0.612060	0.076521	0.923478	0.000000	0.000000	0.000000	0.000000
0.648607	0.044523	0.955477	0.000000	0.000000	0.000000	0.000000
0.574080	0.025589	0.974412	0.000000	0.000000	0.000000	0.000000
0.594623	0.014648	0.985352	0.000000	0.000000	0.000000	0.000000
0.627070	0.008424	0.991576	0.000000	0.000000	0.000000	0.000000
0.658264	0.004931	0.995069	0.000000	0.000000	0.000000	0.000000
0.698021	0.003021	0.996979	0.000000	0.000000	0.000000	0.000000
0.550655	0.002103	0.997897	0.000000	0.000000	0.000000	0.000000
0.551378	0.000001	0.000254	0.933988	0.062738	0.000010	0.003008
0.177746	0.000086	0.000071	0.972768	0.025815	0.000011	0.001249
